#BBN prediction of the primordial Helium abundance $Y_p$ as 
#function of the baryon density $\omega_b h^2$ and number of 
#extra radiation degrees of freedom $\Delta N$.
#Calculated from PArthENoPE by Ofelia Pisanti May 2017. Errors are not given. 
#neutron lifetime of 880.2 s and CMB temperature 2.7255 K
#Yp^BBN is the BBN-standard nucleon number fraction, Yp is the mass fraction for CMB codes
#Mapping between ombh2, Yp and eta10 is not quite consistent to 0.1% level except at DeltaN=0
#      ombh2        eta10       DeltaN           Yp       Yp^BBN     sigma_Yp          D/H     err_D/H

     0.00499      1.36640     -3.00000      0.17644      0.17748      0.00000    1.590e-04     0.00e+00
     0.00599      1.63967     -3.00000      0.17896      0.18001      0.00000    1.194e-04     0.00e+00
     0.00699      1.91295     -3.00000      0.18092      0.18198      0.00000    9.381e-05     0.00e+00
     0.00799      2.18623     -3.00000      0.18252      0.18359      0.00000    7.619e-05     0.00e+00
     0.00898      2.45951     -3.00000      0.18387      0.18495      0.00000    6.341e-05     0.00e+00
     0.00998      2.73279     -3.00000      0.18503      0.18611      0.00000    5.379e-05     0.00e+00
     0.01098      3.00607     -3.00000      0.18603      0.18712      0.00000    4.632e-05     0.00e+00
     0.01198      3.27935     -3.00000      0.18696      0.18805      0.00000    4.038e-05     0.00e+00
     0.01298      3.55263     -3.00000      0.18778      0.18887      0.00000    3.554e-05     0.00e+00
     0.01398      3.82591     -3.00000      0.18852      0.18962      0.00000    3.155e-05     0.00e+00
     0.01497      4.09918     -3.00000      0.18922      0.19032      0.00000    2.820e-05     0.00e+00
     0.01597      4.37246     -3.00000      0.18985      0.19095      0.00000    2.535e-05     0.00e+00
     0.01697      4.64574     -3.00000      0.19045      0.19155      0.00000    2.290e-05     0.00e+00
     0.01797      4.91902     -3.00000      0.19100      0.19211      0.00000    2.078e-05     0.00e+00
     0.01897      5.19230     -3.00000      0.19152      0.19263      0.00000    1.893e-05     0.00e+00
     0.01997      5.46558     -3.00000      0.19202      0.19313      0.00000    1.730e-05     0.00e+00
     0.02021      5.53390     -3.00000      0.19214      0.19325      0.00000    1.693e-05     0.00e+00
     0.02046      5.60222     -3.00000      0.19226      0.19337      0.00000    1.656e-05     0.00e+00
     0.02071      5.67054     -3.00000      0.19236      0.19347      0.00000    1.621e-05     0.00e+00
     0.02096      5.73886     -3.00000      0.19248      0.19359      0.00000    1.586e-05     0.00e+00
     0.02121      5.80718     -3.00000      0.19260      0.19371      0.00000    1.553e-05     0.00e+00
     0.02146      5.87550     -3.00000      0.19271      0.19382      0.00000    1.520e-05     0.00e+00
     0.02171      5.94382     -3.00000      0.19281      0.19393      0.00000    1.489e-05     0.00e+00
     0.02196      6.01214     -3.00000      0.19292      0.19404      0.00000    1.458e-05     0.00e+00
     0.02221      6.08046     -3.00000      0.19301      0.19413      0.00000    1.428e-05     0.00e+00
     0.02246      6.14878     -3.00000      0.19313      0.19425      0.00000    1.399e-05     0.00e+00
     0.02271      6.21710     -3.00000      0.19323      0.19435      0.00000    1.371e-05     0.00e+00
     0.02296      6.28542     -3.00000      0.19334      0.19446      0.00000    1.343e-05     0.00e+00
     0.02321      6.35374     -3.00000      0.19343      0.19455      0.00000    1.316e-05     0.00e+00
     0.02346      6.42206     -3.00000      0.19354      0.19466      0.00000    1.290e-05     0.00e+00
     0.02371      6.49038     -3.00000      0.19363      0.19475      0.00000    1.265e-05     0.00e+00
     0.02396      6.55870     -3.00000      0.19372      0.19484      0.00000    1.240e-05     0.00e+00
     0.02496      6.83198     -3.00000      0.19411      0.19523      0.00000    1.147e-05     0.00e+00
     0.02595      7.10525     -3.00000      0.19449      0.19561      0.00000    1.063e-05     0.00e+00
     0.02695      7.37853     -3.00000      0.19482      0.19594      0.00000    9.860e-06     0.00e+00
     0.02795      7.65181     -3.00000      0.19517      0.19630      0.00000    9.163e-06     0.00e+00
     0.02895      7.92509     -3.00000      0.19549      0.19662      0.00000    8.526e-06     0.00e+00
     0.02995      8.19837     -3.00000      0.19579      0.19692      0.00000    7.942e-06     0.00e+00
     0.03094      8.47165     -3.00000      0.19610      0.19723      0.00000    7.407e-06     0.00e+00
     0.03194      8.74493     -3.00000      0.19638      0.19751      0.00000    6.913e-06     0.00e+00
     0.03294      9.01821     -3.00000      0.19667      0.19780      0.00000    6.459e-06     0.00e+00
     0.03394      9.29149     -3.00000      0.19695      0.19808      0.00000    6.040e-06     0.00e+00
     0.03494      9.56477     -3.00000      0.19721      0.19834      0.00000    5.652e-06     0.00e+00
     0.03594      9.83804     -3.00000      0.19746      0.19860      0.00000    5.293e-06     0.00e+00
     0.03693     10.11130     -3.00000      0.19771      0.19885      0.00000    4.960e-06     0.00e+00
     0.03793     10.38460     -3.00000      0.19793      0.19907      0.00000    4.651e-06     0.00e+00
     0.03893     10.65790     -3.00000      0.19819      0.19933      0.00000    4.364e-06     0.00e+00
     0.03993     10.93120     -3.00000      0.19841      0.19955      0.00000    4.110e-06     0.00e+00
     0.00499      1.36640     -2.00000      0.19650      0.19763      0.00000    1.973e-04     0.00e+00
     0.00599      1.63967     -2.00000      0.19921      0.20035      0.00000    1.473e-04     0.00e+00
     0.00699      1.91295     -2.00000      0.20132      0.20247      0.00000    1.153e-04     0.00e+00
     0.00799      2.18623     -2.00000      0.20299      0.20415      0.00000    9.335e-05     0.00e+00
     0.00898      2.45951     -2.00000      0.20440      0.20557      0.00000    7.755e-05     0.00e+00
     0.00998      2.73279     -2.00000      0.20563      0.20680      0.00000    6.572e-05     0.00e+00
     0.01098      3.00607     -2.00000      0.20669      0.20786      0.00000    5.657e-05     0.00e+00
     0.01198      3.27935     -2.00000      0.20764      0.20882      0.00000    4.933e-05     0.00e+00
     0.01298      3.55263     -2.00000      0.20849      0.20967      0.00000    4.346e-05     0.00e+00
     0.01398      3.82591     -2.00000      0.20925      0.21044      0.00000    3.861e-05     0.00e+00
     0.01497      4.09918     -2.00000      0.20996      0.21115      0.00000    3.456e-05     0.00e+00
     0.01597      4.37246     -2.00000      0.21061      0.21180      0.00000    3.113e-05     0.00e+00
     0.01697      4.64574     -2.00000      0.21123      0.21242      0.00000    2.819e-05     0.00e+00
     0.01797      4.91902     -2.00000      0.21177      0.21297      0.00000    2.565e-05     0.00e+00
     0.01897      5.19230     -2.00000      0.21230      0.21350      0.00000    2.343e-05     0.00e+00
     0.01997      5.46558     -2.00000      0.21281      0.21401      0.00000    2.147e-05     0.00e+00
     0.02021      5.53390     -2.00000      0.21292      0.21412      0.00000    2.102e-05     0.00e+00
     0.02046      5.60222     -2.00000      0.21305      0.21425      0.00000    2.058e-05     0.00e+00
     0.02071      5.67054     -2.00000      0.21316      0.21436      0.00000    2.016e-05     0.00e+00
     0.02096      5.73886     -2.00000      0.21328      0.21448      0.00000    1.975e-05     0.00e+00
     0.02121      5.80718     -2.00000      0.21340      0.21460      0.00000    1.935e-05     0.00e+00
     0.02146      5.87550     -2.00000      0.21350      0.21470      0.00000    1.895e-05     0.00e+00
     0.02171      5.94382     -2.00000      0.21361      0.21481      0.00000    1.858e-05     0.00e+00
     0.02196      6.01214     -2.00000      0.21372      0.21492      0.00000    1.821e-05     0.00e+00
     0.02221      6.08046     -2.00000      0.21384      0.21504      0.00000    1.785e-05     0.00e+00
     0.02246      6.14878     -2.00000      0.21395      0.21516      0.00000    1.750e-05     0.00e+00
     0.02271      6.21710     -2.00000      0.21403      0.21524      0.00000    1.716e-05     0.00e+00
     0.02296      6.28542     -2.00000      0.21414      0.21535      0.00000    1.683e-05     0.00e+00
     0.02321      6.35374     -2.00000      0.21424      0.21545      0.00000    1.651e-05     0.00e+00
     0.02346      6.42206     -2.00000      0.21435      0.21556      0.00000    1.620e-05     0.00e+00
     0.02371      6.49038     -2.00000      0.21445      0.21566      0.00000    1.589e-05     0.00e+00
     0.02396      6.55870     -2.00000      0.21455      0.21576      0.00000    1.559e-05     0.00e+00
     0.02496      6.83198     -2.00000      0.21493      0.21614      0.00000    1.448e-05     0.00e+00
     0.02595      7.10525     -2.00000      0.21531      0.21652      0.00000    1.346e-05     0.00e+00
     0.02695      7.37853     -2.00000      0.21566      0.21687      0.00000    1.254e-05     0.00e+00
     0.02795      7.65181     -2.00000      0.21600      0.21721      0.00000    1.170e-05     0.00e+00
     0.02895      7.92509     -2.00000      0.21634      0.21755      0.00000    1.093e-05     0.00e+00
     0.02995      8.19837     -2.00000      0.21663      0.21785      0.00000    1.023e-05     0.00e+00
     0.03094      8.47165     -2.00000      0.21694      0.21816      0.00000    9.576e-06     0.00e+00
     0.03194      8.74493     -2.00000      0.21721      0.21843      0.00000    8.976e-06     0.00e+00
     0.03294      9.01821     -2.00000      0.21751      0.21873      0.00000    8.424e-06     0.00e+00
     0.03394      9.29149     -2.00000      0.21778      0.21900      0.00000    7.912e-06     0.00e+00
     0.03494      9.56477     -2.00000      0.21805      0.21927      0.00000    7.437e-06     0.00e+00
     0.03594      9.83804     -2.00000      0.21831      0.21953      0.00000    7.001e-06     0.00e+00
     0.03693     10.11130     -2.00000      0.21856      0.21978      0.00000    6.587e-06     0.00e+00
     0.03793     10.38460     -2.00000      0.21880      0.22002      0.00000    6.206e-06     0.00e+00
     0.03893     10.65790     -2.00000      0.21902      0.22025      0.00000    5.850e-06     0.00e+00
     0.03993     10.93120     -2.00000      0.21926      0.22049      0.00000    5.535e-06     0.00e+00
     0.00499      1.36640     -1.00000      0.21295      0.21415      0.00000    2.374e-04     0.00e+00
     0.00599      1.63967     -1.00000      0.21586      0.21707      0.00000    1.763e-04     0.00e+00
     0.00699      1.91295     -1.00000      0.21808      0.21930      0.00000    1.374e-04     0.00e+00
     0.00799      2.18623     -1.00000      0.21983      0.22106      0.00000    1.109e-04     0.00e+00
     0.00898      2.45951     -1.00000      0.22132      0.22255      0.00000    9.192e-05     0.00e+00
     0.00998      2.73279     -1.00000      0.22256      0.22380      0.00000    7.776e-05     0.00e+00
     0.01098      3.00607     -1.00000      0.22365      0.22489      0.00000    6.687e-05     0.00e+00
     0.01198      3.27935     -1.00000      0.22462      0.22587      0.00000    5.829e-05     0.00e+00
     0.01298      3.55263     -1.00000      0.22547      0.22672      0.00000    5.135e-05     0.00e+00
     0.01398      3.82591     -1.00000      0.22628      0.22753      0.00000    4.564e-05     0.00e+00
     0.01497      4.09918     -1.00000      0.22697      0.22823      0.00000    4.088e-05     0.00e+00
     0.01597      4.37246     -1.00000      0.22764      0.22890      0.00000    3.686e-05     0.00e+00
     0.01697      4.64574     -1.00000      0.22827      0.22953      0.00000    3.342e-05     0.00e+00
     0.01797      4.91902     -1.00000      0.22884      0.23010      0.00000    3.044e-05     0.00e+00
     0.01897      5.19230     -1.00000      0.22935      0.23062      0.00000    2.785e-05     0.00e+00
     0.01997      5.46558     -1.00000      0.22987      0.23114      0.00000    2.558e-05     0.00e+00
     0.02021      5.53390     -1.00000      0.22999      0.23126      0.00000    2.505e-05     0.00e+00
     0.02046      5.60222     -1.00000      0.23009      0.23136      0.00000    2.454e-05     0.00e+00
     0.02071      5.67054     -1.00000      0.23021      0.23148      0.00000    2.405e-05     0.00e+00
     0.02096      5.73886     -1.00000      0.23035      0.23162      0.00000    2.357e-05     0.00e+00
     0.02121      5.80718     -1.00000      0.23046      0.23173      0.00000    2.310e-05     0.00e+00
     0.02146      5.87550     -1.00000      0.23057      0.23184      0.00000    2.265e-05     0.00e+00
     0.02171      5.94382     -1.00000      0.23068      0.23195      0.00000    2.220e-05     0.00e+00
     0.02196      6.01214     -1.00000      0.23078      0.23205      0.00000    2.178e-05     0.00e+00
     0.02221      6.08046     -1.00000      0.23090      0.23217      0.00000    2.136e-05     0.00e+00
     0.02246      6.14878     -1.00000      0.23099      0.23226      0.00000    2.095e-05     0.00e+00
     0.02271      6.21710     -1.00000      0.23110      0.23237      0.00000    2.056e-05     0.00e+00
     0.02296      6.28542     -1.00000      0.23122      0.23249      0.00000    2.017e-05     0.00e+00
     0.02321      6.35374     -1.00000      0.23131      0.23258      0.00000    1.980e-05     0.00e+00
     0.02346      6.42206     -1.00000      0.23143      0.23270      0.00000    1.944e-05     0.00e+00
     0.02371      6.49038     -1.00000      0.23153      0.23280      0.00000    1.908e-05     0.00e+00
     0.02396      6.55870     -1.00000      0.23161      0.23288      0.00000    1.873e-05     0.00e+00
     0.02496      6.83198     -1.00000      0.23199      0.23327      0.00000    1.743e-05     0.00e+00
     0.02595      7.10525     -1.00000      0.23237      0.23365      0.00000    1.626e-05     0.00e+00
     0.02695      7.37853     -1.00000      0.23273      0.23401      0.00000    1.518e-05     0.00e+00
     0.02795      7.65181     -1.00000      0.23307      0.23435      0.00000    1.420e-05     0.00e+00
     0.02895      7.92509     -1.00000      0.23339      0.23467      0.00000    1.331e-05     0.00e+00
     0.02995      8.19837     -1.00000      0.23369      0.23497      0.00000    1.248e-05     0.00e+00
     0.03094      8.47165     -1.00000      0.23400      0.23528      0.00000    1.172e-05     0.00e+00
     0.03194      8.74493     -1.00000      0.23429      0.23558      0.00000    1.102e-05     0.00e+00
     0.03294      9.01821     -1.00000      0.23458      0.23587      0.00000    1.038e-05     0.00e+00
     0.03394      9.29149     -1.00000      0.23485      0.23614      0.00000    9.775e-06     0.00e+00
     0.03494      9.56477     -1.00000      0.23510      0.23639      0.00000    9.218e-06     0.00e+00
     0.03594      9.83804     -1.00000      0.23536      0.23665      0.00000    8.700e-06     0.00e+00
     0.03693     10.11130     -1.00000      0.23562      0.23691      0.00000    8.217e-06     0.00e+00
     0.03793     10.38460     -1.00000      0.23587      0.23716      0.00000    7.767e-06     0.00e+00
     0.03893     10.65790     -1.00000      0.23608      0.23737      0.00000    7.346e-06     0.00e+00
     0.03993     10.93120     -1.00000      0.23633      0.23762      0.00000    6.953e-06     0.00e+00
     0.00499      1.36640      0.00000      0.22688      0.22814      0.00000    2.792e-04     0.00e+00
     0.00599      1.63967      0.00000      0.22997      0.23124      0.00000    2.064e-04     0.00e+00
     0.00699      1.91295      0.00000      0.23227      0.23355      0.00000    1.602e-04     0.00e+00
     0.00799      2.18623      0.00000      0.23410      0.23538      0.00000    1.289e-04     0.00e+00
     0.00898      2.45951      0.00000      0.23562      0.23691      0.00000    1.066e-04     0.00e+00
     0.00998      2.73279      0.00000      0.23691      0.23821      0.00000    9.000e-05     0.00e+00
     0.01098      3.00607      0.00000      0.23802      0.23932      0.00000    7.730e-05     0.00e+00
     0.01198      3.27935      0.00000      0.23900      0.24030      0.00000    6.729e-05     0.00e+00
     0.01298      3.55263      0.00000      0.23988      0.24119      0.00000    5.925e-05     0.00e+00
     0.01398      3.82591      0.00000      0.24067      0.24198      0.00000    5.267e-05     0.00e+00
     0.01497      4.09918      0.00000      0.24141      0.24272      0.00000    4.718e-05     0.00e+00
     0.01597      4.37246      0.00000      0.24207      0.24338      0.00000    4.256e-05     0.00e+00
     0.01697      4.64574      0.00000      0.24267      0.24399      0.00000    3.861e-05     0.00e+00
     0.01797      4.91902      0.00000      0.24327      0.24459      0.00000    3.520e-05     0.00e+00
     0.01897      5.19230      0.00000      0.24379      0.24511      0.00000    3.224e-05     0.00e+00
     0.01997      5.46558      0.00000      0.24431      0.24563      0.00000    2.964e-05     0.00e+00
     0.02021      5.53390      0.00000      0.24442      0.24574      0.00000    2.904e-05     0.00e+00
     0.02046      5.60222      0.00000      0.24453      0.24585      0.00000    2.846e-05     0.00e+00
     0.02071      5.67054      0.00000      0.24467      0.24599      0.00000    2.789e-05     0.00e+00
     0.02096      5.73886      0.00000      0.24478      0.24610      0.00000    2.734e-05     0.00e+00
     0.02121      5.80718      0.00000      0.24490      0.24622      0.00000    2.681e-05     0.00e+00
     0.02146      5.87550      0.00000      0.24499      0.24632      0.00000    2.629e-05     0.00e+00
     0.02171      5.94382      0.00000      0.24510      0.24643      0.00000    2.579e-05     0.00e+00
     0.02196      6.01214      0.00000      0.24521      0.24654      0.00000    2.530e-05     0.00e+00
     0.02221      6.08046      0.00000      0.24532      0.24665      0.00000    2.483e-05     0.00e+00
     0.02246      6.14878      0.00000      0.24544      0.24677      0.00000    2.436e-05     0.00e+00
     0.02271      6.21710      0.00000      0.24553      0.24686      0.00000    2.391e-05     0.00e+00
     0.02296      6.28542      0.00000      0.24565      0.24698      0.00000    2.348e-05     0.00e+00
     0.02321      6.35374      0.00000      0.24575      0.24708      0.00000    2.305e-05     0.00e+00
     0.02346      6.42206      0.00000      0.24584      0.24717      0.00000    2.263e-05     0.00e+00
     0.02371      6.49038      0.00000      0.24594      0.24727      0.00000    2.223e-05     0.00e+00
     0.02396      6.55870      0.00000      0.24604      0.24737      0.00000    2.184e-05     0.00e+00
     0.02496      6.83198      0.00000      0.24644      0.24777      0.00000    2.035e-05     0.00e+00
     0.02595      7.10525      0.00000      0.24681      0.24814      0.00000    1.901e-05     0.00e+00
     0.02695      7.37853      0.00000      0.24717      0.24850      0.00000    1.779e-05     0.00e+00
     0.02795      7.65181      0.00000      0.24749      0.24882      0.00000    1.667e-05     0.00e+00
     0.02895      7.92509      0.00000      0.24781      0.24915      0.00000    1.565e-05     0.00e+00
     0.02995      8.19837      0.00000      0.24814      0.24948      0.00000    1.471e-05     0.00e+00
     0.03094      8.47165      0.00000      0.24844      0.24978      0.00000    1.385e-05     0.00e+00
     0.03194      8.74493      0.00000      0.24871      0.25005      0.00000    1.305e-05     0.00e+00
     0.03294      9.01821      0.00000      0.24901      0.25035      0.00000    1.231e-05     0.00e+00
     0.03394      9.29149      0.00000      0.24928      0.25062      0.00000    1.162e-05     0.00e+00
     0.03494      9.56477      0.00000      0.24953      0.25087      0.00000    1.099e-05     0.00e+00
     0.03594      9.83804      0.00000      0.24980      0.25114      0.00000    1.039e-05     0.00e+00
     0.03693     10.11130      0.00000      0.25004      0.25138      0.00000    9.841e-06     0.00e+00
     0.03793     10.38460      0.00000      0.25027      0.25161      0.00000    9.324e-06     0.00e+00
     0.03893     10.65790      0.00000      0.25051      0.25185      0.00000    8.841e-06     0.00e+00
     0.03993     10.93120      0.00000      0.25074      0.25209      0.00000    8.388e-06     0.00e+00
     0.00499      1.36640      1.00000      0.23892      0.24022      0.00000    3.226e-04     0.00e+00
     0.00599      1.63967      1.00000      0.24217      0.24348      0.00000    2.376e-04     0.00e+00
     0.00699      1.91295      1.00000      0.24456      0.24588      0.00000    1.837e-04     0.00e+00
     0.00799      2.18623      1.00000      0.24647      0.24780      0.00000    1.474e-04     0.00e+00
     0.00898      2.45951      1.00000      0.24801      0.24935      0.00000    1.215e-04     0.00e+00
     0.00998      2.73279      1.00000      0.24933      0.25067      0.00000    1.024e-04     0.00e+00
     0.01098      3.00607      1.00000      0.25048      0.25182      0.00000    8.785e-05     0.00e+00
     0.01198      3.27935      1.00000      0.25147      0.25282      0.00000    7.641e-05     0.00e+00
     0.01298      3.55263      1.00000      0.25235      0.25370      0.00000    6.723e-05     0.00e+00
     0.01398      3.82591      1.00000      0.25318      0.25453      0.00000    5.975e-05     0.00e+00
     0.01497      4.09918      1.00000      0.25389      0.25525      0.00000    5.350e-05     0.00e+00
     0.01597      4.37246      1.00000      0.25457      0.25593      0.00000    4.827e-05     0.00e+00
     0.01697      4.64574      1.00000      0.25520      0.25656      0.00000    4.380e-05     0.00e+00
     0.01797      4.91902      1.00000      0.25578      0.25714      0.00000    3.994e-05     0.00e+00
     0.01897      5.19230      1.00000      0.25629      0.25766      0.00000    3.660e-05     0.00e+00
     0.01997      5.46558      1.00000      0.25679      0.25816      0.00000    3.369e-05     0.00e+00
     0.02021      5.53390      1.00000      0.25693      0.25830      0.00000    3.300e-05     0.00e+00
     0.02046      5.60222      1.00000      0.25703      0.25840      0.00000    3.235e-05     0.00e+00
     0.02071      5.67054      1.00000      0.25717      0.25854      0.00000    3.171e-05     0.00e+00
     0.02096      5.73886      1.00000      0.25727      0.25864      0.00000    3.109e-05     0.00e+00
     0.02121      5.80718      1.00000      0.25738      0.25875      0.00000    3.049e-05     0.00e+00
     0.02146      5.87550      1.00000      0.25750      0.25887      0.00000    2.991e-05     0.00e+00
     0.02171      5.94382      1.00000      0.25762      0.25899      0.00000    2.935e-05     0.00e+00
     0.02196      6.01214      1.00000      0.25773      0.25910      0.00000    2.880e-05     0.00e+00
     0.02221      6.08046      1.00000      0.25783      0.25920      0.00000    2.826e-05     0.00e+00
     0.02246      6.14878      1.00000      0.25794      0.25931      0.00000    2.774e-05     0.00e+00
     0.02271      6.21710      1.00000      0.25804      0.25941      0.00000    2.724e-05     0.00e+00
     0.02296      6.28542      1.00000      0.25815      0.25952      0.00000    2.675e-05     0.00e+00
     0.02321      6.35374      1.00000      0.25827      0.25964      0.00000    2.627e-05     0.00e+00
     0.02346      6.42206      1.00000      0.25837      0.25974      0.00000    2.580e-05     0.00e+00
     0.02371      6.49038      1.00000      0.25846      0.25983      0.00000    2.535e-05     0.00e+00
     0.02396      6.55870      1.00000      0.25855      0.25992      0.00000    2.491e-05     0.00e+00
     0.02496      6.83198      1.00000      0.25895      0.26032      0.00000    2.324e-05     0.00e+00
     0.02595      7.10525      1.00000      0.25929      0.26067      0.00000    2.174e-05     0.00e+00
     0.02695      7.37853      1.00000      0.25967      0.26105      0.00000    2.037e-05     0.00e+00
     0.02795      7.65181      1.00000      0.26000      0.26138      0.00000    1.912e-05     0.00e+00
     0.02895      7.92509      1.00000      0.26032      0.26170      0.00000    1.797e-05     0.00e+00
     0.02995      8.19837      1.00000      0.26062      0.26200      0.00000    1.692e-05     0.00e+00
     0.03094      8.47165      1.00000      0.26093      0.26231      0.00000    1.595e-05     0.00e+00
     0.03194      8.74493      1.00000      0.26122      0.26260      0.00000    1.506e-05     0.00e+00
     0.03294      9.01821      1.00000      0.26150      0.26288      0.00000    1.423e-05     0.00e+00
     0.03394      9.29149      1.00000      0.26175      0.26313      0.00000    1.346e-05     0.00e+00
     0.03494      9.56477      1.00000      0.26202      0.26341      0.00000    1.274e-05     0.00e+00
     0.03594      9.83804      1.00000      0.26227      0.26366      0.00000    1.208e-05     0.00e+00
     0.03693     10.11130      1.00000      0.26252      0.26391      0.00000    1.146e-05     0.00e+00
     0.03793     10.38460      1.00000      0.26274      0.26413      0.00000    1.087e-05     0.00e+00
     0.03893     10.65790      1.00000      0.26299      0.26438      0.00000    1.033e-05     0.00e+00
     0.03993     10.93120      1.00000      0.26320      0.26459      0.00000    9.819e-06     0.00e+00
     0.00499      1.36640      2.00000      0.24951      0.25085      0.00000    3.677e-04     0.00e+00
     0.00599      1.63967      2.00000      0.25289      0.25424      0.00000    2.699e-04     0.00e+00
     0.00699      1.91295      2.00000      0.25540      0.25676      0.00000    2.080e-04     0.00e+00
     0.00799      2.18623      2.00000      0.25736      0.25873      0.00000    1.663e-04     0.00e+00
     0.00898      2.45951      2.00000      0.25894      0.26031      0.00000    1.368e-04     0.00e+00
     0.00998      2.73279      2.00000      0.26029      0.26167      0.00000    1.151e-04     0.00e+00
     0.01098      3.00607      2.00000      0.26144      0.26282      0.00000    9.858e-05     0.00e+00
     0.01198      3.27935      2.00000      0.26244      0.26383      0.00000    8.566e-05     0.00e+00
     0.01298      3.55263      2.00000      0.26336      0.26475      0.00000    7.529e-05     0.00e+00
     0.01398      3.82591      2.00000      0.26418      0.26557      0.00000    6.685e-05     0.00e+00
     0.01497      4.09918      2.00000      0.26490      0.26629      0.00000    5.986e-05     0.00e+00
     0.01597      4.37246      2.00000      0.26557      0.26697      0.00000    5.398e-05     0.00e+00
     0.01697      4.64574      2.00000      0.26619      0.26759      0.00000    4.898e-05     0.00e+00
     0.01797      4.91902      2.00000      0.26679      0.26819      0.00000    4.469e-05     0.00e+00
     0.01897      5.19230      2.00000      0.26731      0.26871      0.00000    4.096e-05     0.00e+00
     0.01997      5.46558      2.00000      0.26782      0.26922      0.00000    3.770e-05     0.00e+00
     0.02021      5.53390      2.00000      0.26795      0.26935      0.00000    3.694e-05     0.00e+00
     0.02046      5.60222      2.00000      0.26807      0.26948      0.00000    3.622e-05     0.00e+00
     0.02071      5.67054      2.00000      0.26816      0.26957      0.00000    3.551e-05     0.00e+00
     0.02096      5.73886      2.00000      0.26830      0.26971      0.00000    3.482e-05     0.00e+00
     0.02121      5.80718      2.00000      0.26839      0.26980      0.00000    3.416e-05     0.00e+00
     0.02146      5.87550      2.00000      0.26852      0.26993      0.00000    3.352e-05     0.00e+00
     0.02171      5.94382      2.00000      0.26864      0.27005      0.00000    3.288e-05     0.00e+00
     0.02196      6.01214      2.00000      0.26875      0.27016      0.00000    3.228e-05     0.00e+00
     0.02221      6.08046      2.00000      0.26884      0.27025      0.00000    3.168e-05     0.00e+00
     0.02246      6.14878      2.00000      0.26894      0.27035      0.00000    3.110e-05     0.00e+00
     0.02271      6.21710      2.00000      0.26905      0.27046      0.00000    3.054e-05     0.00e+00
     0.02296      6.28542      2.00000      0.26918      0.27059      0.00000    3.000e-05     0.00e+00
     0.02321      6.35374      2.00000      0.26927      0.27068      0.00000    2.946e-05     0.00e+00
     0.02346      6.42206      2.00000      0.26938      0.27079      0.00000    2.895e-05     0.00e+00
     0.02371      6.49038      2.00000      0.26946      0.27087      0.00000    2.845e-05     0.00e+00
     0.02396      6.55870      2.00000      0.26956      0.27097      0.00000    2.795e-05     0.00e+00
     0.02496      6.83198      2.00000      0.26996      0.27137      0.00000    2.611e-05     0.00e+00
     0.02595      7.10525      2.00000      0.27031      0.27172      0.00000    2.444e-05     0.00e+00
     0.02695      7.37853      2.00000      0.27067      0.27208      0.00000    2.293e-05     0.00e+00
     0.02795      7.65181      2.00000      0.27101      0.27242      0.00000    2.154e-05     0.00e+00
     0.02895      7.92509      2.00000      0.27132      0.27274      0.00000    2.027e-05     0.00e+00
     0.02995      8.19837      2.00000      0.27161      0.27303      0.00000    1.911e-05     0.00e+00
     0.03094      8.47165      2.00000      0.27191      0.27333      0.00000    1.804e-05     0.00e+00
     0.03194      8.74493      2.00000      0.27222      0.27364      0.00000    1.705e-05     0.00e+00
     0.03294      9.01821      2.00000      0.27248      0.27390      0.00000    1.613e-05     0.00e+00
     0.03394      9.29149      2.00000      0.27276      0.27418      0.00000    1.528e-05     0.00e+00
     0.03494      9.56477      2.00000      0.27303      0.27445      0.00000    1.448e-05     0.00e+00
     0.03594      9.83804      2.00000      0.27327      0.27469      0.00000    1.375e-05     0.00e+00
     0.03693     10.11130      2.00000      0.27351      0.27493      0.00000    1.306e-05     0.00e+00
     0.03793     10.38460      2.00000      0.27375      0.27517      0.00000    1.241e-05     0.00e+00
     0.03893     10.65790      2.00000      0.27398      0.27540      0.00000    1.181e-05     0.00e+00
     0.03993     10.93120      2.00000      0.27419      0.27562      0.00000    1.124e-05     0.00e+00
     0.00499      1.36640      3.00000      0.25892      0.26029      0.00000    4.145e-04     0.00e+00
     0.00599      1.63967      3.00000      0.26245      0.26384      0.00000    3.032e-04     0.00e+00
     0.00699      1.91295      3.00000      0.26504      0.26644      0.00000    2.330e-04     0.00e+00
     0.00799      2.18623      3.00000      0.26706      0.26846      0.00000    1.858e-04     0.00e+00
     0.00898      2.45951      3.00000      0.26871      0.27012      0.00000    1.526e-04     0.00e+00
     0.00998      2.73279      3.00000      0.27008      0.27149      0.00000    1.281e-04     0.00e+00
     0.01098      3.00607      3.00000      0.27123      0.27265      0.00000    1.095e-04     0.00e+00
     0.01198      3.27935      3.00000      0.27226      0.27368      0.00000    9.501e-05     0.00e+00
     0.01298      3.55263      3.00000      0.27319      0.27461      0.00000    8.346e-05     0.00e+00
     0.01398      3.82591      3.00000      0.27399      0.27541      0.00000    7.404e-05     0.00e+00
     0.01497      4.09918      3.00000      0.27472      0.27615      0.00000    6.626e-05     0.00e+00
     0.01597      4.37246      3.00000      0.27540      0.27683      0.00000    5.974e-05     0.00e+00
     0.01697      4.64574      3.00000      0.27605      0.27748      0.00000    5.419e-05     0.00e+00
     0.01797      4.91902      3.00000      0.27663      0.27806      0.00000    4.943e-05     0.00e+00
     0.01897      5.19230      3.00000      0.27716      0.27859      0.00000    4.531e-05     0.00e+00
     0.01997      5.46558      3.00000      0.27764      0.27908      0.00000    4.171e-05     0.00e+00
     0.02021      5.53390      3.00000      0.27777      0.27921      0.00000    4.088e-05     0.00e+00
     0.02046      5.60222      3.00000      0.27790      0.27934      0.00000    4.008e-05     0.00e+00
     0.02071      5.67054      3.00000      0.27800      0.27944      0.00000    3.930e-05     0.00e+00
     0.02096      5.73886      3.00000      0.27812      0.27956      0.00000    3.854e-05     0.00e+00
     0.02121      5.80718      3.00000      0.27825      0.27969      0.00000    3.781e-05     0.00e+00
     0.02146      5.87550      3.00000      0.27836      0.27980      0.00000    3.710e-05     0.00e+00
     0.02171      5.94382      3.00000      0.27846      0.27990      0.00000    3.641e-05     0.00e+00
     0.02196      6.01214      3.00000      0.27857      0.28001      0.00000    3.574e-05     0.00e+00
     0.02221      6.08046      3.00000      0.27867      0.28011      0.00000    3.508e-05     0.00e+00
     0.02246      6.14878      3.00000      0.27878      0.28022      0.00000    3.445e-05     0.00e+00
     0.02271      6.21710      3.00000      0.27890      0.28034      0.00000    3.384e-05     0.00e+00
     0.02296      6.28542      3.00000      0.27901      0.28045      0.00000    3.323e-05     0.00e+00
     0.02321      6.35374      3.00000      0.27911      0.28055      0.00000    3.265e-05     0.00e+00
     0.02346      6.42206      3.00000      0.27919      0.28063      0.00000    3.209e-05     0.00e+00
     0.02371      6.49038      3.00000      0.27931      0.28075      0.00000    3.153e-05     0.00e+00
     0.02396      6.55870      3.00000      0.27941      0.28085      0.00000    3.099e-05     0.00e+00
     0.02496      6.83198      3.00000      0.27977      0.28121      0.00000    2.896e-05     0.00e+00
     0.02595      7.10525      3.00000      0.28014      0.28158      0.00000    2.713e-05     0.00e+00
     0.02695      7.37853      3.00000      0.28049      0.28194      0.00000    2.547e-05     0.00e+00
     0.02795      7.65181      3.00000      0.28083      0.28228      0.00000    2.395e-05     0.00e+00
     0.02895      7.92509      3.00000      0.28113      0.28258      0.00000    2.256e-05     0.00e+00
     0.02995      8.19837      3.00000      0.28145      0.28290      0.00000    2.128e-05     0.00e+00
     0.03094      8.47165      3.00000      0.28175      0.28320      0.00000    2.010e-05     0.00e+00
     0.03194      8.74493      3.00000      0.28204      0.28349      0.00000    1.902e-05     0.00e+00
     0.03294      9.01821      3.00000      0.28229      0.28374      0.00000    1.801e-05     0.00e+00
     0.03394      9.29149      3.00000      0.28258      0.28403      0.00000    1.709e-05     0.00e+00
     0.03494      9.56477      3.00000      0.28283      0.28428      0.00000    1.621e-05     0.00e+00
     0.03594      9.83804      3.00000      0.28308      0.28453      0.00000    1.540e-05     0.00e+00
     0.03693     10.11130      3.00000      0.28330      0.28475      0.00000    1.465e-05     0.00e+00
     0.03793     10.38460      3.00000      0.28354      0.28499      0.00000    1.394e-05     0.00e+00
     0.03893     10.65790      3.00000      0.28377      0.28523      0.00000    1.328e-05     0.00e+00
     0.03993     10.93120      3.00000      0.28398      0.28544      0.00000    1.266e-05     0.00e+00
     0.00499      1.36640      4.00000      0.26740      0.26880      0.00000    4.628e-04     0.00e+00
     0.00599      1.63967      4.00000      0.27106      0.27248      0.00000    3.377e-04     0.00e+00
     0.00699      1.91295      4.00000      0.27376      0.27518      0.00000    2.588e-04     0.00e+00
     0.00799      2.18623      4.00000      0.27582      0.27725      0.00000    2.059e-04     0.00e+00
     0.00898      2.45951      4.00000      0.27751      0.27895      0.00000    1.686e-04     0.00e+00
     0.00998      2.73279      4.00000      0.27890      0.28034      0.00000    1.413e-04     0.00e+00
     0.01098      3.00607      4.00000      0.28009      0.28153      0.00000    1.206e-04     0.00e+00
     0.01198      3.27935      4.00000      0.28111      0.28256      0.00000    1.045e-04     0.00e+00
     0.01298      3.55263      4.00000      0.28203      0.28348      0.00000    9.170e-05     0.00e+00
     0.01398      3.82591      4.00000      0.28287      0.28432      0.00000    8.132e-05     0.00e+00
     0.01497      4.09918      4.00000      0.28361      0.28507      0.00000    7.271e-05     0.00e+00
     0.01597      4.37246      4.00000      0.28427      0.28573      0.00000    6.552e-05     0.00e+00
     0.01697      4.64574      4.00000      0.28490      0.28636      0.00000    5.942e-05     0.00e+00
     0.01797      4.91902      4.00000      0.28550      0.28696      0.00000    5.420e-05     0.00e+00
     0.01897      5.19230      4.00000      0.28602      0.28748      0.00000    4.968e-05     0.00e+00
     0.01997      5.46558      4.00000      0.28654      0.28800      0.00000    4.573e-05     0.00e+00
     0.02021      5.53390      4.00000      0.28665      0.28811      0.00000    4.482e-05     0.00e+00
     0.02046      5.60222      4.00000      0.28678      0.28824      0.00000    4.395e-05     0.00e+00
     0.02071      5.67054      4.00000      0.28689      0.28836      0.00000    4.309e-05     0.00e+00
     0.02096      5.73886      4.00000      0.28699      0.28846      0.00000    4.227e-05     0.00e+00
     0.02121      5.80718      4.00000      0.28710      0.28857      0.00000    4.146e-05     0.00e+00
     0.02146      5.87550      4.00000      0.28724      0.28871      0.00000    4.069e-05     0.00e+00
     0.02171      5.94382      4.00000      0.28735      0.28882      0.00000    3.993e-05     0.00e+00
     0.02196      6.01214      4.00000      0.28745      0.28892      0.00000    3.919e-05     0.00e+00
     0.02221      6.08046      4.00000      0.28756      0.28903      0.00000    3.848e-05     0.00e+00
     0.02246      6.14878      4.00000      0.28767      0.28914      0.00000    3.779e-05     0.00e+00
     0.02271      6.21710      4.00000      0.28775      0.28922      0.00000    3.711e-05     0.00e+00
     0.02296      6.28542      4.00000      0.28788      0.28935      0.00000    3.646e-05     0.00e+00
     0.02321      6.35374      4.00000      0.28796      0.28943      0.00000    3.583e-05     0.00e+00
     0.02346      6.42206      4.00000      0.28808      0.28955      0.00000    3.521e-05     0.00e+00
     0.02371      6.49038      4.00000      0.28816      0.28963      0.00000    3.460e-05     0.00e+00
     0.02396      6.55870      4.00000      0.28829      0.28976      0.00000    3.401e-05     0.00e+00
     0.02496      6.83198      4.00000      0.28864      0.29011      0.00000    3.181e-05     0.00e+00
     0.02595      7.10525      4.00000      0.28900      0.29047      0.00000    2.981e-05     0.00e+00
     0.02695      7.37853      4.00000      0.28936      0.29083      0.00000    2.799e-05     0.00e+00
     0.02795      7.65181      4.00000      0.28968      0.29115      0.00000    2.634e-05     0.00e+00
     0.02895      7.92509      4.00000      0.29002      0.29149      0.00000    2.483e-05     0.00e+00
     0.02995      8.19837      4.00000      0.29030      0.29178      0.00000    2.344e-05     0.00e+00
     0.03094      8.47165      4.00000      0.29059      0.29207      0.00000    2.216e-05     0.00e+00
     0.03194      8.74493      4.00000      0.29087      0.29235      0.00000    2.098e-05     0.00e+00
     0.03294      9.01821      4.00000      0.29116      0.29264      0.00000    1.989e-05     0.00e+00
     0.03394      9.29149      4.00000      0.29141      0.29289      0.00000    1.887e-05     0.00e+00
     0.03494      9.56477      4.00000      0.29168      0.29316      0.00000    1.793e-05     0.00e+00
     0.03594      9.83804      4.00000      0.29193      0.29341      0.00000    1.705e-05     0.00e+00
     0.03693     10.11130      4.00000      0.29215      0.29363      0.00000    1.623e-05     0.00e+00
     0.03793     10.38460      4.00000      0.29238      0.29386      0.00000    1.546e-05     0.00e+00
     0.03893     10.65790      4.00000      0.29262      0.29410      0.00000    1.474e-05     0.00e+00
     0.03993     10.93120      4.00000      0.29282      0.29430      0.00000    1.406e-05     0.00e+00
     0.00499      1.36640      5.00000      0.27508      0.27651      0.00000    5.126e-04     0.00e+00
     0.00599      1.63967      5.00000      0.27890      0.28034      0.00000    3.733e-04     0.00e+00
     0.00699      1.91295      5.00000      0.28168      0.28313      0.00000    2.854e-04     0.00e+00
     0.00799      2.18623      5.00000      0.28379      0.28525      0.00000    2.265e-04     0.00e+00
     0.00898      2.45951      5.00000      0.28550      0.28696      0.00000    1.851e-04     0.00e+00
     0.00998      2.73279      5.00000      0.28693      0.28840      0.00000    1.548e-04     0.00e+00
     0.01098      3.00607      5.00000      0.28812      0.28959      0.00000    1.320e-04     0.00e+00
     0.01198      3.27935      5.00000      0.28919      0.29066      0.00000    1.142e-04     0.00e+00
     0.01298      3.55263      5.00000      0.29010      0.29157      0.00000    1.001e-04     0.00e+00
     0.01398      3.82591      5.00000      0.29093      0.29241      0.00000    8.865e-05     0.00e+00
     0.01497      4.09918      5.00000      0.29167      0.29315      0.00000    7.923e-05     0.00e+00
     0.01597      4.37246      5.00000      0.29236      0.29384      0.00000    7.135e-05     0.00e+00
     0.01697      4.64574      5.00000      0.29299      0.29447      0.00000    6.469e-05     0.00e+00
     0.01797      4.91902      5.00000      0.29356      0.29505      0.00000    5.898e-05     0.00e+00
     0.01897      5.19230      5.00000      0.29410      0.29559      0.00000    5.407e-05     0.00e+00
     0.01997      5.46558      5.00000      0.29460      0.29609      0.00000    4.976e-05     0.00e+00
     0.02021      5.53390      5.00000      0.29474      0.29623      0.00000    4.878e-05     0.00e+00
     0.02046      5.60222      5.00000      0.29484      0.29633      0.00000    4.782e-05     0.00e+00
     0.02071      5.67054      5.00000      0.29496      0.29645      0.00000    4.689e-05     0.00e+00
     0.02096      5.73886      5.00000      0.29508      0.29657      0.00000    4.599e-05     0.00e+00
     0.02121      5.80718      5.00000      0.29519      0.29668      0.00000    4.512e-05     0.00e+00
     0.02146      5.87550      5.00000      0.29530      0.29679      0.00000    4.427e-05     0.00e+00
     0.02171      5.94382      5.00000      0.29543      0.29692      0.00000    4.345e-05     0.00e+00
     0.02196      6.01214      5.00000      0.29554      0.29703      0.00000    4.265e-05     0.00e+00
     0.02221      6.08046      5.00000      0.29565      0.29714      0.00000    4.188e-05     0.00e+00
     0.02246      6.14878      5.00000      0.29576      0.29725      0.00000    4.113e-05     0.00e+00
     0.02271      6.21710      5.00000      0.29586      0.29735      0.00000    4.040e-05     0.00e+00
     0.02296      6.28542      5.00000      0.29594      0.29743      0.00000    3.968e-05     0.00e+00
     0.02321      6.35374      5.00000      0.29606      0.29755      0.00000    3.899e-05     0.00e+00
     0.02346      6.42206      5.00000      0.29614      0.29763      0.00000    3.832e-05     0.00e+00
     0.02371      6.49038      5.00000      0.29625      0.29774      0.00000    3.766e-05     0.00e+00
     0.02396      6.55870      5.00000      0.29636      0.29785      0.00000    3.704e-05     0.00e+00
     0.02496      6.83198      5.00000      0.29673      0.29822      0.00000    3.464e-05     0.00e+00
     0.02595      7.10525      5.00000      0.29709      0.29859      0.00000    3.247e-05     0.00e+00
     0.02695      7.37853      5.00000      0.29742      0.29892      0.00000    3.051e-05     0.00e+00
     0.02795      7.65181      5.00000      0.29776      0.29926      0.00000    2.872e-05     0.00e+00
     0.02895      7.92509      5.00000      0.29806      0.29956      0.00000    2.709e-05     0.00e+00
     0.02995      8.19837      5.00000      0.29836      0.29986      0.00000    2.558e-05     0.00e+00
     0.03094      8.47165      5.00000      0.29866      0.30016      0.00000    2.420e-05     0.00e+00
     0.03194      8.74493      5.00000      0.29895      0.30045      0.00000    2.293e-05     0.00e+00
     0.03294      9.01821      5.00000      0.29921      0.30071      0.00000    2.175e-05     0.00e+00
     0.03394      9.29149      5.00000      0.29949      0.30099      0.00000    2.065e-05     0.00e+00
     0.03494      9.56477      5.00000      0.29972      0.30122      0.00000    1.963e-05     0.00e+00
     0.03594      9.83804      5.00000      0.29997      0.30147      0.00000    1.868e-05     0.00e+00
     0.03693     10.11130      5.00000      0.30020      0.30170      0.00000    1.780e-05     0.00e+00
     0.03793     10.38460      5.00000      0.30044      0.30195      0.00000    1.697e-05     0.00e+00
     0.03893     10.65790      5.00000      0.30065      0.30216      0.00000    1.619e-05     0.00e+00
     0.03993     10.93120      5.00000      0.30089      0.30240      0.00000    1.546e-05     0.00e+00
     0.00499      1.36640      6.00000      0.28208      0.28353      0.00000    5.640e-04     0.00e+00
     0.00599      1.63967      6.00000      0.28607      0.28753      0.00000    4.099e-04     0.00e+00
     0.00699      1.91295      6.00000      0.28892      0.29039      0.00000    3.127e-04     0.00e+00
     0.00799      2.18623      6.00000      0.29111      0.29259      0.00000    2.476e-04     0.00e+00
     0.00898      2.45951      6.00000      0.29284      0.29432      0.00000    2.020e-04     0.00e+00
     0.00998      2.73279      6.00000      0.29430      0.29579      0.00000    1.686e-04     0.00e+00
     0.01098      3.00607      6.00000      0.29552      0.29701      0.00000    1.435e-04     0.00e+00
     0.01198      3.27935      6.00000      0.29658      0.29807      0.00000    1.241e-04     0.00e+00
     0.01298      3.55263      6.00000      0.29750      0.29900      0.00000    1.086e-04     0.00e+00
     0.01398      3.82591      6.00000      0.29835      0.29985      0.00000    9.609e-05     0.00e+00
     0.01497      4.09918      6.00000      0.29909      0.30059      0.00000    8.582e-05     0.00e+00
     0.01597      4.37246      6.00000      0.29979      0.30129      0.00000    7.726e-05     0.00e+00
     0.01697      4.64574      6.00000      0.30041      0.30191      0.00000    7.000e-05     0.00e+00
     0.01797      4.91902      6.00000      0.30099      0.30250      0.00000    6.381e-05     0.00e+00
     0.01897      5.19230      6.00000      0.30152      0.30303      0.00000    5.846e-05     0.00e+00
     0.01997      5.46558      6.00000      0.30204      0.30355      0.00000    5.381e-05     0.00e+00
     0.02021      5.53390      6.00000      0.30214      0.30365      0.00000    5.274e-05     0.00e+00
     0.02046      5.60222      6.00000      0.30226      0.30377      0.00000    5.170e-05     0.00e+00
     0.02071      5.67054      6.00000      0.30239      0.30390      0.00000    5.070e-05     0.00e+00
     0.02096      5.73886      6.00000      0.30249      0.30400      0.00000    4.974e-05     0.00e+00
     0.02121      5.80718      6.00000      0.30261      0.30412      0.00000    4.878e-05     0.00e+00
     0.02146      5.87550      6.00000      0.30273      0.30424      0.00000    4.787e-05     0.00e+00
     0.02171      5.94382      6.00000      0.30284      0.30435      0.00000    4.699e-05     0.00e+00
     0.02196      6.01214      6.00000      0.30294      0.30445      0.00000    4.612e-05     0.00e+00
     0.02221      6.08046      6.00000      0.30306      0.30457      0.00000    4.528e-05     0.00e+00
     0.02246      6.14878      6.00000      0.30317      0.30468      0.00000    4.447e-05     0.00e+00
     0.02271      6.21710      6.00000      0.30327      0.30478      0.00000    4.369e-05     0.00e+00
     0.02296      6.28542      6.00000      0.30338      0.30489      0.00000    4.291e-05     0.00e+00
     0.02321      6.35374      6.00000      0.30346      0.30497      0.00000    4.216e-05     0.00e+00
     0.02346      6.42206      6.00000      0.30357      0.30508      0.00000    4.144e-05     0.00e+00
     0.02371      6.49038      6.00000      0.30368      0.30519      0.00000    4.073e-05     0.00e+00
     0.02396      6.55870      6.00000      0.30378      0.30529      0.00000    4.005e-05     0.00e+00
     0.02496      6.83198      6.00000      0.30412      0.30564      0.00000    3.746e-05     0.00e+00
     0.02595      7.10525      6.00000      0.30449      0.30601      0.00000    3.513e-05     0.00e+00
     0.02695      7.37853      6.00000      0.30484      0.30636      0.00000    3.302e-05     0.00e+00
     0.02795      7.65181      6.00000      0.30515      0.30667      0.00000    3.109e-05     0.00e+00
     0.02895      7.92509      6.00000      0.30549      0.30701      0.00000    2.934e-05     0.00e+00
     0.02995      8.19837      6.00000      0.30576      0.30728      0.00000    2.772e-05     0.00e+00
     0.03094      8.47165      6.00000      0.30605      0.30757      0.00000    2.624e-05     0.00e+00
     0.03194      8.74493      6.00000      0.30635      0.30787      0.00000    2.487e-05     0.00e+00
     0.03294      9.01821      6.00000      0.30660      0.30812      0.00000    2.360e-05     0.00e+00
     0.03394      9.29149      6.00000      0.30688      0.30840      0.00000    2.242e-05     0.00e+00
     0.03494      9.56477      6.00000      0.30711      0.30863      0.00000    2.133e-05     0.00e+00
     0.03594      9.83804      6.00000      0.30737      0.30889      0.00000    2.031e-05     0.00e+00
     0.03693     10.11130      6.00000      0.30759      0.30912      0.00000    1.936e-05     0.00e+00
     0.03793     10.38460      6.00000      0.30783      0.30936      0.00000    1.847e-05     0.00e+00
     0.03893     10.65790      6.00000      0.30803      0.30956      0.00000    1.764e-05     0.00e+00
     0.03993     10.93120      6.00000      0.30824      0.30977      0.00000    1.685e-05     0.00e+00
     0.00499      1.36640      7.00000      0.28853      0.29000      0.00000    6.166e-04     0.00e+00
     0.00599      1.63967      7.00000      0.29268      0.29416      0.00000    4.477e-04     0.00e+00
     0.00699      1.91295      7.00000      0.29562      0.29711      0.00000    3.408e-04     0.00e+00
     0.00799      2.18623      7.00000      0.29783      0.29933      0.00000    2.693e-04     0.00e+00
     0.00898      2.45951      7.00000      0.29963      0.30113      0.00000    2.192e-04     0.00e+00
     0.00998      2.73279      7.00000      0.30109      0.30260      0.00000    1.827e-04     0.00e+00
     0.01098      3.00607      7.00000      0.30232      0.30383      0.00000    1.553e-04     0.00e+00
     0.01198      3.27935      7.00000      0.30341      0.30492      0.00000    1.340e-04     0.00e+00
     0.01298      3.55263      7.00000      0.30433      0.30585      0.00000    1.172e-04     0.00e+00
     0.01398      3.82591      7.00000      0.30517      0.30669      0.00000    1.036e-04     0.00e+00
     0.01497      4.09918      7.00000      0.30594      0.30746      0.00000    9.250e-05     0.00e+00
     0.01597      4.37246      7.00000      0.30664      0.30816      0.00000    8.320e-05     0.00e+00
     0.01697      4.64574      7.00000      0.30725      0.30877      0.00000    7.535e-05     0.00e+00
     0.01797      4.91902      7.00000      0.30782      0.30935      0.00000    6.866e-05     0.00e+00
     0.01897      5.19230      7.00000      0.30836      0.30989      0.00000    6.289e-05     0.00e+00
     0.01997      5.46558      7.00000      0.30886      0.31039      0.00000    5.787e-05     0.00e+00
     0.02021      5.53390      7.00000      0.30900      0.31053      0.00000    5.672e-05     0.00e+00
     0.02046      5.60222      7.00000      0.30910      0.31063      0.00000    5.560e-05     0.00e+00
     0.02071      5.67054      7.00000      0.30922      0.31075      0.00000    5.452e-05     0.00e+00
     0.02096      5.73886      7.00000      0.30936      0.31089      0.00000    5.349e-05     0.00e+00
     0.02121      5.80718      7.00000      0.30947      0.31100      0.00000    5.246e-05     0.00e+00
     0.02146      5.87550      7.00000      0.30956      0.31109      0.00000    5.147e-05     0.00e+00
     0.02171      5.94382      7.00000      0.30967      0.31120      0.00000    5.053e-05     0.00e+00
     0.02196      6.01214      7.00000      0.30979      0.31132      0.00000    4.960e-05     0.00e+00
     0.02221      6.08046      7.00000      0.30988      0.31141      0.00000    4.869e-05     0.00e+00
     0.02246      6.14878      7.00000      0.30999      0.31152      0.00000    4.782e-05     0.00e+00
     0.02271      6.21710      7.00000      0.31009      0.31162      0.00000    4.697e-05     0.00e+00
     0.02296      6.28542      7.00000      0.31020      0.31173      0.00000    4.614e-05     0.00e+00
     0.02321      6.35374      7.00000      0.31030      0.31183      0.00000    4.534e-05     0.00e+00
     0.02346      6.42206      7.00000      0.31042      0.31195      0.00000    4.456e-05     0.00e+00
     0.02371      6.49038      7.00000      0.31050      0.31203      0.00000    4.380e-05     0.00e+00
     0.02396      6.55870      7.00000      0.31061      0.31214      0.00000    4.306e-05     0.00e+00
     0.02496      6.83198      7.00000      0.31097      0.31250      0.00000    4.029e-05     0.00e+00
     0.02595      7.10525      7.00000      0.31133      0.31287      0.00000    3.780e-05     0.00e+00
     0.02695      7.37853      7.00000      0.31167      0.31321      0.00000    3.553e-05     0.00e+00
     0.02795      7.65181      7.00000      0.31199      0.31353      0.00000    3.347e-05     0.00e+00
     0.02895      7.92509      7.00000      0.31230      0.31384      0.00000    3.158e-05     0.00e+00
     0.02995      8.19837      7.00000      0.31259      0.31413      0.00000    2.985e-05     0.00e+00
     0.03094      8.47165      7.00000      0.31288      0.31442      0.00000    2.827e-05     0.00e+00
     0.03194      8.74493      7.00000      0.31318      0.31472      0.00000    2.680e-05     0.00e+00
     0.03294      9.01821      7.00000      0.31345      0.31499      0.00000    2.544e-05     0.00e+00
     0.03394      9.29149      7.00000      0.31370      0.31524      0.00000    2.419e-05     0.00e+00
     0.03494      9.56477      7.00000      0.31393      0.31547      0.00000    2.302e-05     0.00e+00
     0.03594      9.83804      7.00000      0.31417      0.31571      0.00000    2.193e-05     0.00e+00
     0.03693     10.11130      7.00000      0.31441      0.31595      0.00000    2.091e-05     0.00e+00
     0.03793     10.38460      7.00000      0.31463      0.31617      0.00000    1.996e-05     0.00e+00
     0.03893     10.65790      7.00000      0.31485      0.31639      0.00000    1.907e-05     0.00e+00
     0.03993     10.93120      7.00000      0.31505      0.31660      0.00000    1.824e-05     0.00e+00
