#BBN prediction of the primordial Helium abundance $Y_p$ as 
#function of the baryon density $\omega_b h^2$ and number of 
#extra radiation degrees of freedom $\Delta N$.
#Calculated from PArthENoPE by Ofelia Pisanti May 2017. Errors are not given. 
#neutron lifetime of 880.2 s and CMB temperature 2.7255 K
#Yp^BBN is the BBN-standard nucleon number fraction, Yp is the mass fraction for CMB codes
#Mapping between ombh2, Yp and eta10 is not quite consistent to 0.1% level except at DeltaN=0
#      ombh2        eta10       DeltaN           Yp       Yp^BBN     sigma_Yp          D/H     err_D/H

     0.00499      1.36640     -3.00000      0.17643      0.17747      0.00000    1.605e-04     0.00e+00
     0.00599      1.63967     -3.00000      0.17896      0.18001      0.00000    1.209e-04     0.00e+00
     0.00699      1.91295     -3.00000      0.18091      0.18197      0.00000    9.531e-05     0.00e+00
     0.00799      2.18623     -3.00000      0.18251      0.18358      0.00000    7.767e-05     0.00e+00
     0.00898      2.45951     -3.00000      0.18384      0.18492      0.00000    6.488e-05     0.00e+00
     0.00998      2.73279     -3.00000      0.18502      0.18610      0.00000    5.525e-05     0.00e+00
     0.01098      3.00607     -3.00000      0.18604      0.18713      0.00000    4.777e-05     0.00e+00
     0.01198      3.27935     -3.00000      0.18694      0.18803      0.00000    4.179e-05     0.00e+00
     0.01298      3.55263     -3.00000      0.18778      0.18887      0.00000    3.695e-05     0.00e+00
     0.01398      3.82591     -3.00000      0.18852      0.18962      0.00000    3.292e-05     0.00e+00
     0.01497      4.09918     -3.00000      0.18920      0.19030      0.00000    2.954e-05     0.00e+00
     0.01597      4.37246     -3.00000      0.18984      0.19094      0.00000    2.668e-05     0.00e+00
     0.01697      4.64574     -3.00000      0.19044      0.19154      0.00000    2.421e-05     0.00e+00
     0.01797      4.91902     -3.00000      0.19100      0.19211      0.00000    2.207e-05     0.00e+00
     0.01897      5.19230     -3.00000      0.19152      0.19263      0.00000    2.019e-05     0.00e+00
     0.01997      5.46558     -3.00000      0.19200      0.19311      0.00000    1.854e-05     0.00e+00
     0.02021      5.53390     -3.00000      0.19212      0.19323      0.00000    1.816e-05     0.00e+00
     0.02046      5.60222     -3.00000      0.19225      0.19336      0.00000    1.778e-05     0.00e+00
     0.02071      5.67054     -3.00000      0.19235      0.19346      0.00000    1.742e-05     0.00e+00
     0.02096      5.73886     -3.00000      0.19246      0.19357      0.00000    1.707e-05     0.00e+00
     0.02121      5.80718     -3.00000      0.19258      0.19369      0.00000    1.674e-05     0.00e+00
     0.02146      5.87550     -3.00000      0.19269      0.19380      0.00000    1.640e-05     0.00e+00
     0.02171      5.94382     -3.00000      0.19280      0.19392      0.00000    1.608e-05     0.00e+00
     0.02196      6.01214     -3.00000      0.19291      0.19403      0.00000    1.577e-05     0.00e+00
     0.02221      6.08046     -3.00000      0.19301      0.19413      0.00000    1.546e-05     0.00e+00
     0.02246      6.14878     -3.00000      0.19311      0.19423      0.00000    1.516e-05     0.00e+00
     0.02271      6.21710     -3.00000      0.19321      0.19433      0.00000    1.487e-05     0.00e+00
     0.02296      6.28542     -3.00000      0.19332      0.19444      0.00000    1.459e-05     0.00e+00
     0.02321      6.35374     -3.00000      0.19343      0.19455      0.00000    1.432e-05     0.00e+00
     0.02346      6.42206     -3.00000      0.19352      0.19464      0.00000    1.406e-05     0.00e+00
     0.02371      6.49038     -3.00000      0.19362      0.19474      0.00000    1.380e-05     0.00e+00
     0.02396      6.55870     -3.00000      0.19373      0.19485      0.00000    1.354e-05     0.00e+00
     0.02496      6.83198     -3.00000      0.19410      0.19522      0.00000    1.258e-05     0.00e+00
     0.02595      7.10525     -3.00000      0.19448      0.19560      0.00000    1.172e-05     0.00e+00
     0.02695      7.37853     -3.00000      0.19481      0.19593      0.00000    1.092e-05     0.00e+00
     0.02795      7.65181     -3.00000      0.19514      0.19627      0.00000    1.020e-05     0.00e+00
     0.02895      7.92509     -3.00000      0.19548      0.19661      0.00000    9.542e-06     0.00e+00
     0.02995      8.19837     -3.00000      0.19578      0.19691      0.00000    8.935e-06     0.00e+00
     0.03094      8.47165     -3.00000      0.19609      0.19722      0.00000    8.375e-06     0.00e+00
     0.03194      8.74493     -3.00000      0.19638      0.19751      0.00000    7.860e-06     0.00e+00
     0.03294      9.01821     -3.00000      0.19665      0.19778      0.00000    7.382e-06     0.00e+00
     0.03394      9.29149     -3.00000      0.19693      0.19806      0.00000    6.940e-06     0.00e+00
     0.03494      9.56477     -3.00000      0.19719      0.19832      0.00000    6.530e-06     0.00e+00
     0.03594      9.83804     -3.00000      0.19744      0.19858      0.00000    6.149e-06     0.00e+00
     0.03693     10.11130     -3.00000      0.19769      0.19883      0.00000    5.794e-06     0.00e+00
     0.03793     10.38460     -3.00000      0.19792      0.19906      0.00000    5.463e-06     0.00e+00
     0.03893     10.65790     -3.00000      0.19817      0.19931      0.00000    5.154e-06     0.00e+00
     0.03993     10.93120     -3.00000      0.19838      0.19952      0.00000    4.881e-06     0.00e+00
     0.00499      1.36640     -2.00000      0.19647      0.19760      0.00000    1.989e-04     0.00e+00
     0.00599      1.63967     -2.00000      0.19920      0.20034      0.00000    1.489e-04     0.00e+00
     0.00699      1.91295     -2.00000      0.20131      0.20246      0.00000    1.168e-04     0.00e+00
     0.00799      2.18623     -2.00000      0.20300      0.20416      0.00000    9.485e-05     0.00e+00
     0.00898      2.45951     -2.00000      0.20440      0.20557      0.00000    7.903e-05     0.00e+00
     0.00998      2.73279     -2.00000      0.20562      0.20679      0.00000    6.719e-05     0.00e+00
     0.01098      3.00607     -2.00000      0.20669      0.20786      0.00000    5.804e-05     0.00e+00
     0.01198      3.27935     -2.00000      0.20763      0.20881      0.00000    5.077e-05     0.00e+00
     0.01298      3.55263     -2.00000      0.20848      0.20966      0.00000    4.489e-05     0.00e+00
     0.01398      3.82591     -2.00000      0.20923      0.21042      0.00000    4.003e-05     0.00e+00
     0.01497      4.09918     -2.00000      0.20995      0.21114      0.00000    3.597e-05     0.00e+00
     0.01597      4.37246     -2.00000      0.21061      0.21180      0.00000    3.251e-05     0.00e+00
     0.01697      4.64574     -2.00000      0.21122      0.21241      0.00000    2.955e-05     0.00e+00
     0.01797      4.91902     -2.00000      0.21177      0.21297      0.00000    2.698e-05     0.00e+00
     0.01897      5.19230     -2.00000      0.21229      0.21349      0.00000    2.474e-05     0.00e+00
     0.01997      5.46558     -2.00000      0.21280      0.21400      0.00000    2.277e-05     0.00e+00
     0.02021      5.53390     -2.00000      0.21292      0.21412      0.00000    2.232e-05     0.00e+00
     0.02046      5.60222     -2.00000      0.21304      0.21424      0.00000    2.187e-05     0.00e+00
     0.02071      5.67054     -2.00000      0.21316      0.21436      0.00000    2.144e-05     0.00e+00
     0.02096      5.73886     -2.00000      0.21328      0.21448      0.00000    2.102e-05     0.00e+00
     0.02121      5.80718     -2.00000      0.21339      0.21459      0.00000    2.061e-05     0.00e+00
     0.02146      5.87550     -2.00000      0.21350      0.21470      0.00000    2.022e-05     0.00e+00
     0.02171      5.94382     -2.00000      0.21361      0.21481      0.00000    1.983e-05     0.00e+00
     0.02196      6.01214     -2.00000      0.21373      0.21493      0.00000    1.947e-05     0.00e+00
     0.02221      6.08046     -2.00000      0.21382      0.21502      0.00000    1.909e-05     0.00e+00
     0.02246      6.14878     -2.00000      0.21392      0.21512      0.00000    1.874e-05     0.00e+00
     0.02271      6.21710     -2.00000      0.21403      0.21524      0.00000    1.839e-05     0.00e+00
     0.02296      6.28542     -2.00000      0.21412      0.21533      0.00000    1.806e-05     0.00e+00
     0.02321      6.35374     -2.00000      0.21424      0.21545      0.00000    1.773e-05     0.00e+00
     0.02346      6.42206     -2.00000      0.21433      0.21554      0.00000    1.741e-05     0.00e+00
     0.02371      6.49038     -2.00000      0.21444      0.21565      0.00000    1.710e-05     0.00e+00
     0.02396      6.55870     -2.00000      0.21455      0.21576      0.00000    1.680e-05     0.00e+00
     0.02496      6.83198     -2.00000      0.21491      0.21612      0.00000    1.567e-05     0.00e+00
     0.02595      7.10525     -2.00000      0.21528      0.21649      0.00000    1.463e-05     0.00e+00
     0.02695      7.37853     -2.00000      0.21564      0.21685      0.00000    1.368e-05     0.00e+00
     0.02795      7.65181     -2.00000      0.21598      0.21719      0.00000    1.282e-05     0.00e+00
     0.02895      7.92509     -2.00000      0.21630      0.21751      0.00000    1.203e-05     0.00e+00
     0.02995      8.19837     -2.00000      0.21662      0.21784      0.00000    1.130e-05     0.00e+00
     0.03094      8.47165     -2.00000      0.21692      0.21814      0.00000    1.063e-05     0.00e+00
     0.03194      8.74493     -2.00000      0.21722      0.21844      0.00000    1.002e-05     0.00e+00
     0.03294      9.01821     -2.00000      0.21750      0.21872      0.00000    9.438e-06     0.00e+00
     0.03394      9.29149     -2.00000      0.21776      0.21898      0.00000    8.905e-06     0.00e+00
     0.03494      9.56477     -2.00000      0.21804      0.21926      0.00000    8.410e-06     0.00e+00
     0.03594      9.83804     -2.00000      0.21828      0.21950      0.00000    7.948e-06     0.00e+00
     0.03693     10.11130     -2.00000      0.21855      0.21977      0.00000    7.518e-06     0.00e+00
     0.03793     10.38460     -2.00000      0.21878      0.22000      0.00000    7.120e-06     0.00e+00
     0.03893     10.65790     -2.00000      0.21902      0.22025      0.00000    6.741e-06     0.00e+00
     0.03993     10.93120     -2.00000      0.21923      0.22046      0.00000    6.408e-06     0.00e+00
     0.00499      1.36640     -1.00000      0.21295      0.21415      0.00000    2.389e-04     0.00e+00
     0.00599      1.63967     -1.00000      0.21585      0.21706      0.00000    1.779e-04     0.00e+00
     0.00699      1.91295     -1.00000      0.21807      0.21929      0.00000    1.389e-04     0.00e+00
     0.00799      2.18623     -1.00000      0.21983      0.22106      0.00000    1.124e-04     0.00e+00
     0.00898      2.45951     -1.00000      0.22131      0.22254      0.00000    9.343e-05     0.00e+00
     0.00998      2.73279     -1.00000      0.22255      0.22379      0.00000    7.925e-05     0.00e+00
     0.01098      3.00607     -1.00000      0.22365      0.22489      0.00000    6.837e-05     0.00e+00
     0.01198      3.27935     -1.00000      0.22460      0.22585      0.00000    5.975e-05     0.00e+00
     0.01298      3.55263     -1.00000      0.22548      0.22673      0.00000    5.281e-05     0.00e+00
     0.01398      3.82591     -1.00000      0.22626      0.22751      0.00000    4.709e-05     0.00e+00
     0.01497      4.09918     -1.00000      0.22696      0.22822      0.00000    4.231e-05     0.00e+00
     0.01597      4.37246     -1.00000      0.22764      0.22890      0.00000    3.827e-05     0.00e+00
     0.01697      4.64574     -1.00000      0.22826      0.22952      0.00000    3.481e-05     0.00e+00
     0.01797      4.91902     -1.00000      0.22882      0.23008      0.00000    3.182e-05     0.00e+00
     0.01897      5.19230     -1.00000      0.22934      0.23061      0.00000    2.921e-05     0.00e+00
     0.01997      5.46558     -1.00000      0.22984      0.23111      0.00000    2.692e-05     0.00e+00
     0.02021      5.53390     -1.00000      0.22998      0.23125      0.00000    2.639e-05     0.00e+00
     0.02046      5.60222     -1.00000      0.23009      0.23136      0.00000    2.587e-05     0.00e+00
     0.02071      5.67054     -1.00000      0.23022      0.23149      0.00000    2.538e-05     0.00e+00
     0.02096      5.73886     -1.00000      0.23033      0.23160      0.00000    2.489e-05     0.00e+00
     0.02121      5.80718     -1.00000      0.23043      0.23170      0.00000    2.441e-05     0.00e+00
     0.02146      5.87550     -1.00000      0.23056      0.23183      0.00000    2.396e-05     0.00e+00
     0.02171      5.94382     -1.00000      0.23068      0.23195      0.00000    2.351e-05     0.00e+00
     0.02196      6.01214     -1.00000      0.23078      0.23205      0.00000    2.308e-05     0.00e+00
     0.02221      6.08046     -1.00000      0.23089      0.23216      0.00000    2.265e-05     0.00e+00
     0.02246      6.14878     -1.00000      0.23100      0.23227      0.00000    2.224e-05     0.00e+00
     0.02271      6.21710     -1.00000      0.23109      0.23236      0.00000    2.184e-05     0.00e+00
     0.02296      6.28542     -1.00000      0.23121      0.23248      0.00000    2.146e-05     0.00e+00
     0.02321      6.35374     -1.00000      0.23131      0.23258      0.00000    2.108e-05     0.00e+00
     0.02346      6.42206     -1.00000      0.23140      0.23267      0.00000    2.071e-05     0.00e+00
     0.02371      6.49038     -1.00000      0.23152      0.23279      0.00000    2.035e-05     0.00e+00
     0.02396      6.55870     -1.00000      0.23161      0.23288      0.00000    2.000e-05     0.00e+00
     0.02496      6.83198     -1.00000      0.23198      0.23326      0.00000    1.868e-05     0.00e+00
     0.02595      7.10525     -1.00000      0.23235      0.23363      0.00000    1.748e-05     0.00e+00
     0.02695      7.37853     -1.00000      0.23271      0.23399      0.00000    1.638e-05     0.00e+00
     0.02795      7.65181     -1.00000      0.23306      0.23434      0.00000    1.538e-05     0.00e+00
     0.02895      7.92509     -1.00000      0.23337      0.23465      0.00000    1.447e-05     0.00e+00
     0.02995      8.19837     -1.00000      0.23370      0.23498      0.00000    1.363e-05     0.00e+00
     0.03094      8.47165     -1.00000      0.23399      0.23527      0.00000    1.285e-05     0.00e+00
     0.03194      8.74493     -1.00000      0.23428      0.23557      0.00000    1.213e-05     0.00e+00
     0.03294      9.01821     -1.00000      0.23455      0.23584      0.00000    1.146e-05     0.00e+00
     0.03394      9.29149     -1.00000      0.23484      0.23613      0.00000    1.084e-05     0.00e+00
     0.03494      9.56477     -1.00000      0.23510      0.23639      0.00000    1.027e-05     0.00e+00
     0.03594      9.83804     -1.00000      0.23534      0.23663      0.00000    9.727e-06     0.00e+00
     0.03693     10.11130     -1.00000      0.23559      0.23688      0.00000    9.225e-06     0.00e+00
     0.03793     10.38460     -1.00000      0.23585      0.23714      0.00000    8.755e-06     0.00e+00
     0.03893     10.65790     -1.00000      0.23607      0.23736      0.00000    8.316e-06     0.00e+00
     0.03993     10.93120     -1.00000      0.23631      0.23760      0.00000    7.903e-06     0.00e+00
     0.00499      1.36640      0.00000      0.22686      0.22812      0.00000    2.807e-04     0.00e+00
     0.00599      1.63967      0.00000      0.22995      0.23122      0.00000    2.079e-04     0.00e+00
     0.00699      1.91295      0.00000      0.23226      0.23354      0.00000    1.618e-04     0.00e+00
     0.00799      2.18623      0.00000      0.23411      0.23539      0.00000    1.304e-04     0.00e+00
     0.00898      2.45951      0.00000      0.23560      0.23689      0.00000    1.081e-04     0.00e+00
     0.00998      2.73279      0.00000      0.23689      0.23819      0.00000    9.150e-05     0.00e+00
     0.01098      3.00607      0.00000      0.23800      0.23930      0.00000    7.881e-05     0.00e+00
     0.01198      3.27935      0.00000      0.23901      0.24031      0.00000    6.881e-05     0.00e+00
     0.01298      3.55263      0.00000      0.23987      0.24118      0.00000    6.074e-05     0.00e+00
     0.01398      3.82591      0.00000      0.24066      0.24197      0.00000    5.415e-05     0.00e+00
     0.01497      4.09918      0.00000      0.24139      0.24270      0.00000    4.864e-05     0.00e+00
     0.01597      4.37246      0.00000      0.24206      0.24337      0.00000    4.400e-05     0.00e+00
     0.01697      4.64574      0.00000      0.24268      0.24400      0.00000    4.003e-05     0.00e+00
     0.01797      4.91902      0.00000      0.24324      0.24456      0.00000    3.662e-05     0.00e+00
     0.01897      5.19230      0.00000      0.24378      0.24510      0.00000    3.363e-05     0.00e+00
     0.01997      5.46558      0.00000      0.24430      0.24562      0.00000    3.102e-05     0.00e+00
     0.02021      5.53390      0.00000      0.24442      0.24574      0.00000    3.041e-05     0.00e+00
     0.02046      5.60222      0.00000      0.24454      0.24586      0.00000    2.982e-05     0.00e+00
     0.02071      5.67054      0.00000      0.24465      0.24597      0.00000    2.925e-05     0.00e+00
     0.02096      5.73886      0.00000      0.24478      0.24610      0.00000    2.870e-05     0.00e+00
     0.02121      5.80718      0.00000      0.24488      0.24620      0.00000    2.816e-05     0.00e+00
     0.02146      5.87550      0.00000      0.24498      0.24631      0.00000    2.764e-05     0.00e+00
     0.02171      5.94382      0.00000      0.24509      0.24642      0.00000    2.713e-05     0.00e+00
     0.02196      6.01214      0.00000      0.24522      0.24655      0.00000    2.664e-05     0.00e+00
     0.02221      6.08046      0.00000      0.24533      0.24666      0.00000    2.616e-05     0.00e+00
     0.02246      6.14878      0.00000      0.24543      0.24676      0.00000    2.569e-05     0.00e+00
     0.02271      6.21710      0.00000      0.24552      0.24685      0.00000    2.525e-05     0.00e+00
     0.02296      6.28542      0.00000      0.24563      0.24696      0.00000    2.480e-05     0.00e+00
     0.02321      6.35374      0.00000      0.24575      0.24708      0.00000    2.437e-05     0.00e+00
     0.02346      6.42206      0.00000      0.24585      0.24718      0.00000    2.395e-05     0.00e+00
     0.02371      6.49038      0.00000      0.24595      0.24728      0.00000    2.354e-05     0.00e+00
     0.02396      6.55870      0.00000      0.24603      0.24736      0.00000    2.314e-05     0.00e+00
     0.02496      6.83198      0.00000      0.24642      0.24775      0.00000    2.164e-05     0.00e+00
     0.02595      7.10525      0.00000      0.24679      0.24812      0.00000    2.028e-05     0.00e+00
     0.02695      7.37853      0.00000      0.24714      0.24847      0.00000    1.905e-05     0.00e+00
     0.02795      7.65181      0.00000      0.24750      0.24883      0.00000    1.790e-05     0.00e+00
     0.02895      7.92509      0.00000      0.24781      0.24915      0.00000    1.686e-05     0.00e+00
     0.02995      8.19837      0.00000      0.24812      0.24946      0.00000    1.591e-05     0.00e+00
     0.03094      8.47165      0.00000      0.24843      0.24977      0.00000    1.503e-05     0.00e+00
     0.03194      8.74493      0.00000      0.24870      0.25004      0.00000    1.421e-05     0.00e+00
     0.03294      9.01821      0.00000      0.24898      0.25032      0.00000    1.345e-05     0.00e+00
     0.03394      9.29149      0.00000      0.24926      0.25060      0.00000    1.275e-05     0.00e+00
     0.03494      9.56477      0.00000      0.24952      0.25086      0.00000    1.209e-05     0.00e+00
     0.03594      9.83804      0.00000      0.24977      0.25111      0.00000    1.148e-05     0.00e+00
     0.03693     10.11130      0.00000      0.25003      0.25137      0.00000    1.091e-05     0.00e+00
     0.03793     10.38460      0.00000      0.25027      0.25161      0.00000    1.038e-05     0.00e+00
     0.03893     10.65790      0.00000      0.25051      0.25185      0.00000    9.874e-06     0.00e+00
     0.03993     10.93120      0.00000      0.25071      0.25206      0.00000    9.404e-06     0.00e+00
     0.00499      1.36640      1.00000      0.23893      0.24023      0.00000    3.241e-04     0.00e+00
     0.00599      1.63967      1.00000      0.24216      0.24347      0.00000    2.391e-04     0.00e+00
     0.00699      1.91295      1.00000      0.24457      0.24589      0.00000    1.853e-04     0.00e+00
     0.00799      2.18623      1.00000      0.24646      0.24779      0.00000    1.489e-04     0.00e+00
     0.00898      2.45951      1.00000      0.24801      0.24935      0.00000    1.231e-04     0.00e+00
     0.00998      2.73279      1.00000      0.24932      0.25066      0.00000    1.040e-04     0.00e+00
     0.01098      3.00607      1.00000      0.25046      0.25180      0.00000    8.937e-05     0.00e+00
     0.01198      3.27935      1.00000      0.25145      0.25280      0.00000    7.792e-05     0.00e+00
     0.01298      3.55263      1.00000      0.25236      0.25371      0.00000    6.874e-05     0.00e+00
     0.01398      3.82591      1.00000      0.25315      0.25450      0.00000    6.122e-05     0.00e+00
     0.01497      4.09918      1.00000      0.25388      0.25524      0.00000    5.498e-05     0.00e+00
     0.01597      4.37246      1.00000      0.25456      0.25592      0.00000    4.972e-05     0.00e+00
     0.01697      4.64574      1.00000      0.25517      0.25653      0.00000    4.524e-05     0.00e+00
     0.01797      4.91902      1.00000      0.25577      0.25713      0.00000    4.138e-05     0.00e+00
     0.01897      5.19230      1.00000      0.25629      0.25766      0.00000    3.802e-05     0.00e+00
     0.01997      5.46558      1.00000      0.25679      0.25816      0.00000    3.508e-05     0.00e+00
     0.02021      5.53390      1.00000      0.25692      0.25829      0.00000    3.440e-05     0.00e+00
     0.02046      5.60222      1.00000      0.25704      0.25841      0.00000    3.374e-05     0.00e+00
     0.02071      5.67054      1.00000      0.25716      0.25853      0.00000    3.310e-05     0.00e+00
     0.02096      5.73886      1.00000      0.25726      0.25863      0.00000    3.248e-05     0.00e+00
     0.02121      5.80718      1.00000      0.25737      0.25874      0.00000    3.187e-05     0.00e+00
     0.02146      5.87550      1.00000      0.25749      0.25886      0.00000    3.129e-05     0.00e+00
     0.02171      5.94382      1.00000      0.25762      0.25899      0.00000    3.072e-05     0.00e+00
     0.02196      6.01214      1.00000      0.25771      0.25908      0.00000    3.017e-05     0.00e+00
     0.02221      6.08046      1.00000      0.25784      0.25921      0.00000    2.963e-05     0.00e+00
     0.02246      6.14878      1.00000      0.25794      0.25931      0.00000    2.911e-05     0.00e+00
     0.02271      6.21710      1.00000      0.25805      0.25942      0.00000    2.860e-05     0.00e+00
     0.02296      6.28542      1.00000      0.25815      0.25952      0.00000    2.810e-05     0.00e+00
     0.02321      6.35374      1.00000      0.25824      0.25961      0.00000    2.762e-05     0.00e+00
     0.02346      6.42206      1.00000      0.25836      0.25973      0.00000    2.716e-05     0.00e+00
     0.02371      6.49038      1.00000      0.25844      0.25981      0.00000    2.670e-05     0.00e+00
     0.02396      6.55870      1.00000      0.25855      0.25992      0.00000    2.624e-05     0.00e+00
     0.02496      6.83198      1.00000      0.25892      0.26029      0.00000    2.457e-05     0.00e+00
     0.02595      7.10525      1.00000      0.25928      0.26066      0.00000    2.304e-05     0.00e+00
     0.02695      7.37853      1.00000      0.25965      0.26103      0.00000    2.166e-05     0.00e+00
     0.02795      7.65181      1.00000      0.25999      0.26137      0.00000    2.040e-05     0.00e+00
     0.02895      7.92509      1.00000      0.26031      0.26169      0.00000    1.924e-05     0.00e+00
     0.02995      8.19837      1.00000      0.26062      0.26200      0.00000    1.816e-05     0.00e+00
     0.03094      8.47165      1.00000      0.26091      0.26229      0.00000    1.717e-05     0.00e+00
     0.03194      8.74493      1.00000      0.26121      0.26259      0.00000    1.626e-05     0.00e+00
     0.03294      9.01821      1.00000      0.26149      0.26287      0.00000    1.541e-05     0.00e+00
     0.03394      9.29149      1.00000      0.26176      0.26314      0.00000    1.463e-05     0.00e+00
     0.03494      9.56477      1.00000      0.26201      0.26339      0.00000    1.390e-05     0.00e+00
     0.03594      9.83804      1.00000      0.26225      0.26364      0.00000    1.321e-05     0.00e+00
     0.03693     10.11130      1.00000      0.26249      0.26388      0.00000    1.257e-05     0.00e+00
     0.03793     10.38460      1.00000      0.26273      0.26412      0.00000    1.198e-05     0.00e+00
     0.03893     10.65790      1.00000      0.26296      0.26435      0.00000    1.141e-05     0.00e+00
     0.03993     10.93120      1.00000      0.26321      0.26460      0.00000    1.089e-05     0.00e+00
     0.00499      1.36640      2.00000      0.24950      0.25084      0.00000    3.693e-04     0.00e+00
     0.00599      1.63967      2.00000      0.25288      0.25423      0.00000    2.714e-04     0.00e+00
     0.00699      1.91295      2.00000      0.25538      0.25674      0.00000    2.095e-04     0.00e+00
     0.00799      2.18623      2.00000      0.25733      0.25870      0.00000    1.679e-04     0.00e+00
     0.00898      2.45951      2.00000      0.25896      0.26033      0.00000    1.384e-04     0.00e+00
     0.00998      2.73279      2.00000      0.26028      0.26166      0.00000    1.167e-04     0.00e+00
     0.01098      3.00607      2.00000      0.26145      0.26283      0.00000    1.001e-04     0.00e+00
     0.01198      3.27935      2.00000      0.26244      0.26383      0.00000    8.717e-05     0.00e+00
     0.01298      3.55263      2.00000      0.26336      0.26475      0.00000    7.681e-05     0.00e+00
     0.01398      3.82591      2.00000      0.26417      0.26556      0.00000    6.837e-05     0.00e+00
     0.01497      4.09918      2.00000      0.26491      0.26630      0.00000    6.135e-05     0.00e+00
     0.01597      4.37246      2.00000      0.26557      0.26697      0.00000    5.546e-05     0.00e+00
     0.01697      4.64574      2.00000      0.26618      0.26758      0.00000    5.045e-05     0.00e+00
     0.01797      4.91902      2.00000      0.26678      0.26818      0.00000    4.614e-05     0.00e+00
     0.01897      5.19230      2.00000      0.26732      0.26872      0.00000    4.240e-05     0.00e+00
     0.01997      5.46558      2.00000      0.26782      0.26922      0.00000    3.912e-05     0.00e+00
     0.02021      5.53390      2.00000      0.26793      0.26933      0.00000    3.837e-05     0.00e+00
     0.02046      5.60222      2.00000      0.26806      0.26947      0.00000    3.763e-05     0.00e+00
     0.02071      5.67054      2.00000      0.26817      0.26958      0.00000    3.692e-05     0.00e+00
     0.02096      5.73886      2.00000      0.26827      0.26968      0.00000    3.624e-05     0.00e+00
     0.02121      5.80718      2.00000      0.26839      0.26980      0.00000    3.557e-05     0.00e+00
     0.02146      5.87550      2.00000      0.26852      0.26993      0.00000    3.491e-05     0.00e+00
     0.02171      5.94382      2.00000      0.26861      0.27002      0.00000    3.428e-05     0.00e+00
     0.02196      6.01214      2.00000      0.26872      0.27013      0.00000    3.367e-05     0.00e+00
     0.02221      6.08046      2.00000      0.26883      0.27024      0.00000    3.307e-05     0.00e+00
     0.02246      6.14878      2.00000      0.26896      0.27037      0.00000    3.249e-05     0.00e+00
     0.02271      6.21710      2.00000      0.26906      0.27047      0.00000    3.193e-05     0.00e+00
     0.02296      6.28542      2.00000      0.26916      0.27057      0.00000    3.138e-05     0.00e+00
     0.02321      6.35374      2.00000      0.26925      0.27066      0.00000    3.084e-05     0.00e+00
     0.02346      6.42206      2.00000      0.26935      0.27076      0.00000    3.032e-05     0.00e+00
     0.02371      6.49038      2.00000      0.26947      0.27088      0.00000    2.981e-05     0.00e+00
     0.02396      6.55870      2.00000      0.26956      0.27097      0.00000    2.932e-05     0.00e+00
     0.02496      6.83198      2.00000      0.26995      0.27136      0.00000    2.746e-05     0.00e+00
     0.02595      7.10525      2.00000      0.27032      0.27173      0.00000    2.578e-05     0.00e+00
     0.02695      7.37853      2.00000      0.27065      0.27206      0.00000    2.425e-05     0.00e+00
     0.02795      7.65181      2.00000      0.27100      0.27241      0.00000    2.285e-05     0.00e+00
     0.02895      7.92509      2.00000      0.27131      0.27273      0.00000    2.156e-05     0.00e+00
     0.02995      8.19837      2.00000      0.27161      0.27303      0.00000    2.038e-05     0.00e+00
     0.03094      8.47165      2.00000      0.27191      0.27333      0.00000    1.929e-05     0.00e+00
     0.03194      8.74493      2.00000      0.27219      0.27361      0.00000    1.829e-05     0.00e+00
     0.03294      9.01821      2.00000      0.27249      0.27391      0.00000    1.735e-05     0.00e+00
     0.03394      9.29149      2.00000      0.27275      0.27417      0.00000    1.649e-05     0.00e+00
     0.03494      9.56477      2.00000      0.27301      0.27443      0.00000    1.568e-05     0.00e+00
     0.03594      9.83804      2.00000      0.27326      0.27468      0.00000    1.492e-05     0.00e+00
     0.03693     10.11130      2.00000      0.27351      0.27493      0.00000    1.422e-05     0.00e+00
     0.03793     10.38460      2.00000      0.27372      0.27514      0.00000    1.356e-05     0.00e+00
     0.03893     10.65790      2.00000      0.27397      0.27539      0.00000    1.294e-05     0.00e+00
     0.03993     10.93120      2.00000      0.27418      0.27561      0.00000    1.236e-05     0.00e+00
     0.00499      1.36640      3.00000      0.25893      0.26030      0.00000    4.161e-04     0.00e+00
     0.00599      1.63967      3.00000      0.26246      0.26385      0.00000    3.048e-04     0.00e+00
     0.00699      1.91295      3.00000      0.26505      0.26645      0.00000    2.346e-04     0.00e+00
     0.00799      2.18623      3.00000      0.26705      0.26845      0.00000    1.874e-04     0.00e+00
     0.00898      2.45951      3.00000      0.26870      0.27011      0.00000    1.541e-04     0.00e+00
     0.00998      2.73279      3.00000      0.27007      0.27148      0.00000    1.297e-04     0.00e+00
     0.01098      3.00607      3.00000      0.27122      0.27264      0.00000    1.111e-04     0.00e+00
     0.01198      3.27935      3.00000      0.27227      0.27369      0.00000    9.655e-05     0.00e+00
     0.01298      3.55263      3.00000      0.27318      0.27460      0.00000    8.499e-05     0.00e+00
     0.01398      3.82591      3.00000      0.27398      0.27540      0.00000    7.557e-05     0.00e+00
     0.01497      4.09918      3.00000      0.27471      0.27614      0.00000    6.777e-05     0.00e+00
     0.01597      4.37246      3.00000      0.27541      0.27684      0.00000    6.123e-05     0.00e+00
     0.01697      4.64574      3.00000      0.27604      0.27747      0.00000    5.567e-05     0.00e+00
     0.01797      4.91902      3.00000      0.27660      0.27803      0.00000    5.090e-05     0.00e+00
     0.01897      5.19230      3.00000      0.27716      0.27859      0.00000    4.677e-05     0.00e+00
     0.01997      5.46558      3.00000      0.27765      0.27909      0.00000    4.316e-05     0.00e+00
     0.02021      5.53390      3.00000      0.27776      0.27920      0.00000    4.233e-05     0.00e+00
     0.02046      5.60222      3.00000      0.27790      0.27934      0.00000    4.152e-05     0.00e+00
     0.02071      5.67054      3.00000      0.27801      0.27945      0.00000    4.074e-05     0.00e+00
     0.02096      5.73886      3.00000      0.27813      0.27957      0.00000    3.998e-05     0.00e+00
     0.02121      5.80718      3.00000      0.27824      0.27968      0.00000    3.924e-05     0.00e+00
     0.02146      5.87550      3.00000      0.27836      0.27980      0.00000    3.853e-05     0.00e+00
     0.02171      5.94382      3.00000      0.27845      0.27989      0.00000    3.783e-05     0.00e+00
     0.02196      6.01214      3.00000      0.27857      0.28001      0.00000    3.715e-05     0.00e+00
     0.02221      6.08046      3.00000      0.27868      0.28012      0.00000    3.650e-05     0.00e+00
     0.02246      6.14878      3.00000      0.27877      0.28021      0.00000    3.586e-05     0.00e+00
     0.02271      6.21710      3.00000      0.27888      0.28032      0.00000    3.524e-05     0.00e+00
     0.02296      6.28542      3.00000      0.27898      0.28042      0.00000    3.464e-05     0.00e+00
     0.02321      6.35374      3.00000      0.27908      0.28052      0.00000    3.405e-05     0.00e+00
     0.02346      6.42206      3.00000      0.27920      0.28064      0.00000    3.347e-05     0.00e+00
     0.02371      6.49038      3.00000      0.27929      0.28073      0.00000    3.292e-05     0.00e+00
     0.02396      6.55870      3.00000      0.27940      0.28084      0.00000    3.238e-05     0.00e+00
     0.02496      6.83198      3.00000      0.27978      0.28122      0.00000    3.034e-05     0.00e+00
     0.02595      7.10525      3.00000      0.28014      0.28158      0.00000    2.850e-05     0.00e+00
     0.02695      7.37853      3.00000      0.28049      0.28194      0.00000    2.681e-05     0.00e+00
     0.02795      7.65181      3.00000      0.28080      0.28225      0.00000    2.528e-05     0.00e+00
     0.02895      7.92509      3.00000      0.28114      0.28259      0.00000    2.388e-05     0.00e+00
     0.02995      8.19837      3.00000      0.28145      0.28290      0.00000    2.258e-05     0.00e+00
     0.03094      8.47165      3.00000      0.28172      0.28317      0.00000    2.139e-05     0.00e+00
     0.03194      8.74493      3.00000      0.28203      0.28348      0.00000    2.029e-05     0.00e+00
     0.03294      9.01821      3.00000      0.28230      0.28375      0.00000    1.927e-05     0.00e+00
     0.03394      9.29149      3.00000      0.28255      0.28400      0.00000    1.832e-05     0.00e+00
     0.03494      9.56477      3.00000      0.28282      0.28427      0.00000    1.744e-05     0.00e+00
     0.03594      9.83804      3.00000      0.28305      0.28450      0.00000    1.661e-05     0.00e+00
     0.03693     10.11130      3.00000      0.28332      0.28477      0.00000    1.585e-05     0.00e+00
     0.03793     10.38460      3.00000      0.28353      0.28498      0.00000    1.512e-05     0.00e+00
     0.03893     10.65790      3.00000      0.28377      0.28523      0.00000    1.445e-05     0.00e+00
     0.03993     10.93120      3.00000      0.28399      0.28545      0.00000    1.381e-05     0.00e+00
     0.00499      1.36640      4.00000      0.26740      0.26880      0.00000    4.643e-04     0.00e+00
     0.00599      1.63967      4.00000      0.27107      0.27249      0.00000    3.393e-04     0.00e+00
     0.00699      1.91295      4.00000      0.27376      0.27518      0.00000    2.604e-04     0.00e+00
     0.00799      2.18623      4.00000      0.27583      0.27726      0.00000    2.075e-04     0.00e+00
     0.00898      2.45951      4.00000      0.27750      0.27894      0.00000    1.702e-04     0.00e+00
     0.00998      2.73279      4.00000      0.27890      0.28034      0.00000    1.429e-04     0.00e+00
     0.01098      3.00607      4.00000      0.28007      0.28151      0.00000    1.222e-04     0.00e+00
     0.01198      3.27935      4.00000      0.28110      0.28255      0.00000    1.061e-04     0.00e+00
     0.01298      3.55263      4.00000      0.28202      0.28347      0.00000    9.326e-05     0.00e+00
     0.01398      3.82591      4.00000      0.28285      0.28430      0.00000    8.283e-05     0.00e+00
     0.01497      4.09918      4.00000      0.28360      0.28506      0.00000    7.425e-05     0.00e+00
     0.01597      4.37246      4.00000      0.28427      0.28573      0.00000    6.703e-05     0.00e+00
     0.01697      4.64574      4.00000      0.28489      0.28635      0.00000    6.092e-05     0.00e+00
     0.01797      4.91902      4.00000      0.28547      0.28693      0.00000    5.568e-05     0.00e+00
     0.01897      5.19230      4.00000      0.28602      0.28748      0.00000    5.115e-05     0.00e+00
     0.01997      5.46558      4.00000      0.28654      0.28800      0.00000    4.720e-05     0.00e+00
     0.02021      5.53390      4.00000      0.28664      0.28810      0.00000    4.628e-05     0.00e+00
     0.02046      5.60222      4.00000      0.28676      0.28822      0.00000    4.540e-05     0.00e+00
     0.02071      5.67054      4.00000      0.28687      0.28834      0.00000    4.454e-05     0.00e+00
     0.02096      5.73886      4.00000      0.28700      0.28847      0.00000    4.371e-05     0.00e+00
     0.02121      5.80718      4.00000      0.28710      0.28857      0.00000    4.291e-05     0.00e+00
     0.02146      5.87550      4.00000      0.28723      0.28870      0.00000    4.213e-05     0.00e+00
     0.02171      5.94382      4.00000      0.28732      0.28879      0.00000    4.137e-05     0.00e+00
     0.02196      6.01214      4.00000      0.28744      0.28891      0.00000    4.063e-05     0.00e+00
     0.02221      6.08046      4.00000      0.28755      0.28902      0.00000    3.991e-05     0.00e+00
     0.02246      6.14878      4.00000      0.28765      0.28912      0.00000    3.922e-05     0.00e+00
     0.02271      6.21710      4.00000      0.28777      0.28924      0.00000    3.854e-05     0.00e+00
     0.02296      6.28542      4.00000      0.28785      0.28932      0.00000    3.788e-05     0.00e+00
     0.02321      6.35374      4.00000      0.28797      0.28944      0.00000    3.724e-05     0.00e+00
     0.02346      6.42206      4.00000      0.28806      0.28953      0.00000    3.662e-05     0.00e+00
     0.02371      6.49038      4.00000      0.28817      0.28964      0.00000    3.601e-05     0.00e+00
     0.02396      6.55870      4.00000      0.28827      0.28974      0.00000    3.542e-05     0.00e+00
     0.02496      6.83198      4.00000      0.28863      0.29010      0.00000    3.321e-05     0.00e+00
     0.02595      7.10525      4.00000      0.28900      0.29047      0.00000    3.119e-05     0.00e+00
     0.02695      7.37853      4.00000      0.28936      0.29083      0.00000    2.936e-05     0.00e+00
     0.02795      7.65181      4.00000      0.28967      0.29114      0.00000    2.770e-05     0.00e+00
     0.02895      7.92509      4.00000      0.28999      0.29146      0.00000    2.617e-05     0.00e+00
     0.02995      8.19837      4.00000      0.29030      0.29178      0.00000    2.477e-05     0.00e+00
     0.03094      8.47165      4.00000      0.29060      0.29208      0.00000    2.347e-05     0.00e+00
     0.03194      8.74493      4.00000      0.29088      0.29236      0.00000    2.229e-05     0.00e+00
     0.03294      9.01821      4.00000      0.29113      0.29261      0.00000    2.117e-05     0.00e+00
     0.03394      9.29149      4.00000      0.29142      0.29290      0.00000    2.014e-05     0.00e+00
     0.03494      9.56477      4.00000      0.29167      0.29315      0.00000    1.919e-05     0.00e+00
     0.03594      9.83804      4.00000      0.29190      0.29338      0.00000    1.829e-05     0.00e+00
     0.03693     10.11130      4.00000      0.29216      0.29364      0.00000    1.746e-05     0.00e+00
     0.03793     10.38460      4.00000      0.29237      0.29385      0.00000    1.667e-05     0.00e+00
     0.03893     10.65790      4.00000      0.29259      0.29407      0.00000    1.594e-05     0.00e+00
     0.03993     10.93120      4.00000      0.29281      0.29429      0.00000    1.525e-05     0.00e+00
     0.00499      1.36640      5.00000      0.27505      0.27648      0.00000    5.142e-04     0.00e+00
     0.00599      1.63967      5.00000      0.27891      0.28035      0.00000    3.749e-04     0.00e+00
     0.00699      1.91295      5.00000      0.28166      0.28311      0.00000    2.869e-04     0.00e+00
     0.00799      2.18623      5.00000      0.28378      0.28524      0.00000    2.280e-04     0.00e+00
     0.00898      2.45951      5.00000      0.28550      0.28696      0.00000    1.867e-04     0.00e+00
     0.00998      2.73279      5.00000      0.28690      0.28837      0.00000    1.564e-04     0.00e+00
     0.01098      3.00607      5.00000      0.28814      0.28961      0.00000    1.335e-04     0.00e+00
     0.01198      3.27935      5.00000      0.28917      0.29064      0.00000    1.158e-04     0.00e+00
     0.01298      3.55263      5.00000      0.29011      0.29158      0.00000    1.016e-04     0.00e+00
     0.01398      3.82591      5.00000      0.29092      0.29240      0.00000    9.019e-05     0.00e+00
     0.01497      4.09918      5.00000      0.29169      0.29317      0.00000    8.076e-05     0.00e+00
     0.01597      4.37246      5.00000      0.29235      0.29383      0.00000    7.288e-05     0.00e+00
     0.01697      4.64574      5.00000      0.29300      0.29448      0.00000    6.620e-05     0.00e+00
     0.01797      4.91902      5.00000      0.29356      0.29505      0.00000    6.049e-05     0.00e+00
     0.01897      5.19230      5.00000      0.29411      0.29560      0.00000    5.555e-05     0.00e+00
     0.01997      5.46558      5.00000      0.29461      0.29610      0.00000    5.124e-05     0.00e+00
     0.02021      5.53390      5.00000      0.29472      0.29621      0.00000    5.025e-05     0.00e+00
     0.02046      5.60222      5.00000      0.29484      0.29633      0.00000    4.929e-05     0.00e+00
     0.02071      5.67054      5.00000      0.29497      0.29646      0.00000    4.836e-05     0.00e+00
     0.02096      5.73886      5.00000      0.29507      0.29656      0.00000    4.746e-05     0.00e+00
     0.02121      5.80718      5.00000      0.29519      0.29668      0.00000    4.658e-05     0.00e+00
     0.02146      5.87550      5.00000      0.29532      0.29681      0.00000    4.573e-05     0.00e+00
     0.02171      5.94382      5.00000      0.29543      0.29692      0.00000    4.491e-05     0.00e+00
     0.02196      6.01214      5.00000      0.29552      0.29701      0.00000    4.411e-05     0.00e+00
     0.02221      6.08046      5.00000      0.29564      0.29713      0.00000    4.333e-05     0.00e+00
     0.02246      6.14878      5.00000      0.29573      0.29722      0.00000    4.258e-05     0.00e+00
     0.02271      6.21710      5.00000      0.29585      0.29734      0.00000    4.184e-05     0.00e+00
     0.02296      6.28542      5.00000      0.29594      0.29743      0.00000    4.112e-05     0.00e+00
     0.02321      6.35374      5.00000      0.29605      0.29754      0.00000    4.043e-05     0.00e+00
     0.02346      6.42206      5.00000      0.29616      0.29765      0.00000    3.975e-05     0.00e+00
     0.02371      6.49038      5.00000      0.29624      0.29773      0.00000    3.909e-05     0.00e+00
     0.02396      6.55870      5.00000      0.29635      0.29784      0.00000    3.845e-05     0.00e+00
     0.02496      6.83198      5.00000      0.29671      0.29820      0.00000    3.605e-05     0.00e+00
     0.02595      7.10525      5.00000      0.29708      0.29858      0.00000    3.387e-05     0.00e+00
     0.02695      7.37853      5.00000      0.29743      0.29893      0.00000    3.190e-05     0.00e+00
     0.02795      7.65181      5.00000      0.29774      0.29924      0.00000    3.010e-05     0.00e+00
     0.02895      7.92509      5.00000      0.29807      0.29957      0.00000    2.845e-05     0.00e+00
     0.02995      8.19837      5.00000      0.29836      0.29986      0.00000    2.695e-05     0.00e+00
     0.03094      8.47165      5.00000      0.29865      0.30015      0.00000    2.554e-05     0.00e+00
     0.03194      8.74493      5.00000      0.29893      0.30043      0.00000    2.425e-05     0.00e+00
     0.03294      9.01821      5.00000      0.29920      0.30070      0.00000    2.306e-05     0.00e+00
     0.03394      9.29149      5.00000      0.29946      0.30096      0.00000    2.195e-05     0.00e+00
     0.03494      9.56477      5.00000      0.29974      0.30124      0.00000    2.092e-05     0.00e+00
     0.03594      9.83804      5.00000      0.29996      0.30146      0.00000    1.995e-05     0.00e+00
     0.03693     10.11130      5.00000      0.30022      0.30172      0.00000    1.905e-05     0.00e+00
     0.03793     10.38460      5.00000      0.30042      0.30192      0.00000    1.821e-05     0.00e+00
     0.03893     10.65790      5.00000      0.30064      0.30215      0.00000    1.742e-05     0.00e+00
     0.03993     10.93120      5.00000      0.30087      0.30238      0.00000    1.669e-05     0.00e+00
     0.00499      1.36640      6.00000      0.28209      0.28354      0.00000    5.656e-04     0.00e+00
     0.00599      1.63967      6.00000      0.28606      0.28752      0.00000    4.116e-04     0.00e+00
     0.00699      1.91295      6.00000      0.28893      0.29040      0.00000    3.143e-04     0.00e+00
     0.00799      2.18623      6.00000      0.29110      0.29258      0.00000    2.492e-04     0.00e+00
     0.00898      2.45951      6.00000      0.29285      0.29433      0.00000    2.036e-04     0.00e+00
     0.00998      2.73279      6.00000      0.29427      0.29576      0.00000    1.702e-04     0.00e+00
     0.01098      3.00607      6.00000      0.29550      0.29699      0.00000    1.451e-04     0.00e+00
     0.01198      3.27935      6.00000      0.29658      0.29807      0.00000    1.256e-04     0.00e+00
     0.01298      3.55263      6.00000      0.29749      0.29899      0.00000    1.102e-04     0.00e+00
     0.01398      3.82591      6.00000      0.29834      0.29984      0.00000    9.767e-05     0.00e+00
     0.01497      4.09918      6.00000      0.29908      0.30058      0.00000    8.738e-05     0.00e+00
     0.01597      4.37246      6.00000      0.29978      0.30128      0.00000    7.878e-05     0.00e+00
     0.01697      4.64574      6.00000      0.30041      0.30191      0.00000    7.153e-05     0.00e+00
     0.01797      4.91902      6.00000      0.30099      0.30250      0.00000    6.532e-05     0.00e+00
     0.01897      5.19230      6.00000      0.30153      0.30304      0.00000    5.998e-05     0.00e+00
     0.01997      5.46558      6.00000      0.30203      0.30354      0.00000    5.530e-05     0.00e+00
     0.02021      5.53390      6.00000      0.30213      0.30364      0.00000    5.423e-05     0.00e+00
     0.02046      5.60222      6.00000      0.30225      0.30376      0.00000    5.319e-05     0.00e+00
     0.02071      5.67054      6.00000      0.30237      0.30388      0.00000    5.218e-05     0.00e+00
     0.02096      5.73886      6.00000      0.30251      0.30402      0.00000    5.121e-05     0.00e+00
     0.02121      5.80718      6.00000      0.30262      0.30413      0.00000    5.026e-05     0.00e+00
     0.02146      5.87550      6.00000      0.30271      0.30422      0.00000    4.934e-05     0.00e+00
     0.02171      5.94382      6.00000      0.30284      0.30435      0.00000    4.846e-05     0.00e+00
     0.02196      6.01214      6.00000      0.30295      0.30446      0.00000    4.759e-05     0.00e+00
     0.02221      6.08046      6.00000      0.30305      0.30456      0.00000    4.675e-05     0.00e+00
     0.02246      6.14878      6.00000      0.30316      0.30467      0.00000    4.593e-05     0.00e+00
     0.02271      6.21710      6.00000      0.30325      0.30476      0.00000    4.514e-05     0.00e+00
     0.02296      6.28542      6.00000      0.30336      0.30487      0.00000    4.437e-05     0.00e+00
     0.02321      6.35374      6.00000      0.30347      0.30498      0.00000    4.362e-05     0.00e+00
     0.02346      6.42206      6.00000      0.30357      0.30508      0.00000    4.289e-05     0.00e+00
     0.02371      6.49038      6.00000      0.30365      0.30516      0.00000    4.218e-05     0.00e+00
     0.02396      6.55870      6.00000      0.30374      0.30525      0.00000    4.149e-05     0.00e+00
     0.02496      6.83198      6.00000      0.30411      0.30563      0.00000    3.889e-05     0.00e+00
     0.02595      7.10525      6.00000      0.30449      0.30601      0.00000    3.655e-05     0.00e+00
     0.02695      7.37853      6.00000      0.30483      0.30635      0.00000    3.443e-05     0.00e+00
     0.02795      7.65181      6.00000      0.30516      0.30668      0.00000    3.249e-05     0.00e+00
     0.02895      7.92509      6.00000      0.30546      0.30698      0.00000    3.072e-05     0.00e+00
     0.02995      8.19837      6.00000      0.30576      0.30728      0.00000    2.909e-05     0.00e+00
     0.03094      8.47165      6.00000      0.30606      0.30758      0.00000    2.759e-05     0.00e+00
     0.03194      8.74493      6.00000      0.30632      0.30784      0.00000    2.621e-05     0.00e+00
     0.03294      9.01821      6.00000      0.30659      0.30811      0.00000    2.493e-05     0.00e+00
     0.03394      9.29149      6.00000      0.30686      0.30838      0.00000    2.374e-05     0.00e+00
     0.03494      9.56477      6.00000      0.30712      0.30864      0.00000    2.264e-05     0.00e+00
     0.03594      9.83804      6.00000      0.30736      0.30888      0.00000    2.160e-05     0.00e+00
     0.03693     10.11130      6.00000      0.30759      0.30912      0.00000    2.065e-05     0.00e+00
     0.03793     10.38460      6.00000      0.30780      0.30933      0.00000    1.974e-05     0.00e+00
     0.03893     10.65790      6.00000      0.30802      0.30955      0.00000    1.890e-05     0.00e+00
     0.03993     10.93120      6.00000      0.30823      0.30976      0.00000    1.809e-05     0.00e+00
     0.00499      1.36640      7.00000      0.28851      0.28998      0.00000    6.184e-04     0.00e+00
     0.00599      1.63967      7.00000      0.29265      0.29413      0.00000    4.493e-04     0.00e+00
     0.00699      1.91295      7.00000      0.29559      0.29708      0.00000    3.423e-04     0.00e+00
     0.00799      2.18623      7.00000      0.29784      0.29934      0.00000    2.709e-04     0.00e+00
     0.00898      2.45951      7.00000      0.29963      0.30113      0.00000    2.208e-04     0.00e+00
     0.00998      2.73279      7.00000      0.30107      0.30258      0.00000    1.843e-04     0.00e+00
     0.01098      3.00607      7.00000      0.30231      0.30382      0.00000    1.569e-04     0.00e+00
     0.01198      3.27935      7.00000      0.30341      0.30492      0.00000    1.356e-04     0.00e+00
     0.01298      3.55263      7.00000      0.30432      0.30584      0.00000    1.188e-04     0.00e+00
     0.01398      3.82591      7.00000      0.30518      0.30670      0.00000    1.052e-04     0.00e+00
     0.01497      4.09918      7.00000      0.30592      0.30744      0.00000    9.404e-05     0.00e+00
     0.01597      4.37246      7.00000      0.30663      0.30815      0.00000    8.473e-05     0.00e+00
     0.01697      4.64574      7.00000      0.30726      0.30878      0.00000    7.689e-05     0.00e+00
     0.01797      4.91902      7.00000      0.30783      0.30936      0.00000    7.018e-05     0.00e+00
     0.01897      5.19230      7.00000      0.30835      0.30988      0.00000    6.440e-05     0.00e+00
     0.01997      5.46558      7.00000      0.30888      0.31041      0.00000    5.938e-05     0.00e+00
     0.02021      5.53390      7.00000      0.30900      0.31053      0.00000    5.822e-05     0.00e+00
     0.02046      5.60222      7.00000      0.30911      0.31064      0.00000    5.710e-05     0.00e+00
     0.02071      5.67054      7.00000      0.30923      0.31076      0.00000    5.602e-05     0.00e+00
     0.02096      5.73886      7.00000      0.30935      0.31088      0.00000    5.497e-05     0.00e+00
     0.02121      5.80718      7.00000      0.30946      0.31099      0.00000    5.396e-05     0.00e+00
     0.02146      5.87550      7.00000      0.30957      0.31110      0.00000    5.296e-05     0.00e+00
     0.02171      5.94382      7.00000      0.30966      0.31119      0.00000    5.201e-05     0.00e+00
     0.02196      6.01214      7.00000      0.30979      0.31132      0.00000    5.107e-05     0.00e+00
     0.02221      6.08046      7.00000      0.30988      0.31141      0.00000    5.017e-05     0.00e+00
     0.02246      6.14878      7.00000      0.30998      0.31151      0.00000    4.930e-05     0.00e+00
     0.02271      6.21710      7.00000      0.31010      0.31163      0.00000    4.844e-05     0.00e+00
     0.02296      6.28542      7.00000      0.31021      0.31174      0.00000    4.761e-05     0.00e+00
     0.02321      6.35374      7.00000      0.31031      0.31184      0.00000    4.681e-05     0.00e+00
     0.02346      6.42206      7.00000      0.31041      0.31194      0.00000    4.602e-05     0.00e+00
     0.02371      6.49038      7.00000      0.31049      0.31202      0.00000    4.526e-05     0.00e+00
     0.02396      6.55870      7.00000      0.31058      0.31211      0.00000    4.452e-05     0.00e+00
     0.02496      6.83198      7.00000      0.31098      0.31251      0.00000    4.174e-05     0.00e+00
     0.02595      7.10525      7.00000      0.31131      0.31285      0.00000    3.923e-05     0.00e+00
     0.02695      7.37853      7.00000      0.31168      0.31322      0.00000    3.695e-05     0.00e+00
     0.02795      7.65181      7.00000      0.31198      0.31352      0.00000    3.488e-05     0.00e+00
     0.02895      7.92509      7.00000      0.31229      0.31383      0.00000    3.298e-05     0.00e+00
     0.02995      8.19837      7.00000      0.31259      0.31413      0.00000    3.124e-05     0.00e+00
     0.03094      8.47165      7.00000      0.31289      0.31443      0.00000    2.964e-05     0.00e+00
     0.03194      8.74493      7.00000      0.31317      0.31471      0.00000    2.816e-05     0.00e+00
     0.03294      9.01821      7.00000      0.31343      0.31497      0.00000    2.680e-05     0.00e+00
     0.03394      9.29149      7.00000      0.31369      0.31523      0.00000    2.553e-05     0.00e+00
     0.03494      9.56477      7.00000      0.31392      0.31546      0.00000    2.435e-05     0.00e+00
     0.03594      9.83804      7.00000      0.31418      0.31572      0.00000    2.325e-05     0.00e+00
     0.03693     10.11130      7.00000      0.31440      0.31594      0.00000    2.222e-05     0.00e+00
     0.03793     10.38460      7.00000      0.31462      0.31616      0.00000    2.126e-05     0.00e+00
     0.03893     10.65790      7.00000      0.31484      0.31638      0.00000    2.036e-05     0.00e+00
     0.03993     10.93120      7.00000      0.31506      0.31661      0.00000    1.950e-05     0.00e+00
